Frame 0: (0, 0), (0, 0), (0, 0), (621, 341), (654, 340), (603, 382), (674, 382), (578, 438), (696, 441), (565, 460), (719, 491), (611, 484), (664, 486), (595, 561), (691, 573), (590, 637), (693, 661)
Frame 1: (0, 0), (0, 0), (0, 0), (621, 341), (655, 340), (603, 382), (675, 382), (579, 438), (696, 442), (565, 462), (719, 492), (612, 484), (664, 487), (595, 560), (691, 572), (590, 636), (693, 659)
Frame 2: (0, 0), (0, 0), (0, 0), (621, 341), (654, 341), (603, 382), (674, 382), (579, 438), (695, 441), (565, 462), (718, 490), (612, 484), (664, 486), (595, 560), (691, 572), (591, 635), (692, 659)
Frame 3: (0, 0), (0, 0), (0, 0), (620, 341), (654, 340), (602, 382), (674, 382), (578, 438), (695, 441), (565, 464), (718, 490), (611, 484), (664, 486), (593, 560), (691, 572), (589, 635), (693, 660)
Frame 4: (0, 0), (0, 0), (0, 0), (620, 342), (654, 341), (602, 382), (674, 382), (577, 437), (695, 439), (565, 461), (717, 487), (612, 483), (665, 485), (593, 559), (690, 572), (589, 636), (692, 661)
Frame 5: (0, 0), (0, 0), (0, 0), (620, 342), (654, 341), (601, 382), (674, 382), (578, 438), (695, 440), (566, 460), (717, 487), (612, 484), (665, 486), (592, 559), (691, 572), (590, 634), (693, 660)
Frame 6: (0, 0), (0, 0), (0, 0), (620, 342), (654, 341), (602, 383), (674, 382), (579, 436), (694, 439), (565, 455), (716, 486), (611, 485), (665, 487), (592, 560), (691, 572), (590, 635), (693, 660)
Frame 7: (0, 0), (0, 0), (0, 0), (621, 342), (655, 342), (603, 382), (676, 382), (581, 436), (695, 440), (566, 462), (717, 489), (612, 485), (665, 487), (592, 560), (691, 572), (590, 635), (692, 658)
Frame 8: (0, 0), (0, 0), (0, 0), (621, 342), (655, 341), (603, 382), (675, 382), (580, 436), (695, 439), (567, 461), (716, 486), (612, 485), (665, 487), (592, 559), (690, 572), (590, 634), (692, 659)
Frame 9: (0, 0), (0, 0), (0, 0), (621, 343), (655, 342), (603, 383), (676, 383), (581, 436), (696, 441), (566, 459), (718, 492), (612, 484), (665, 486), (592, 561), (691, 572), (590, 635), (693, 659)
Frame 10: (0, 0), (0, 0), (0, 0), (621, 343), (655, 342), (603, 383), (676, 383), (582, 436), (696, 441), (566, 459), (718, 492), (612, 485), (665, 486), (592, 561), (691, 572), (589, 634), (693, 657)
Frame 11: (0, 0), (0, 0), (0, 0), (622, 343), (655, 342), (604, 383), (676, 383), (581, 436), (696, 442), (565, 458), (718, 493), (612, 485), (665, 487), (592, 560), (690, 572), (589, 633), (693, 658)
Frame 12: (0, 0), (0, 0), (0, 0), (622, 342), (655, 341), (604, 382), (676, 383), (581, 436), (696, 442), (566, 459), (717, 492), (612, 486), (665, 488), (594, 561), (690, 573), (589, 634), (694, 657)
Frame 13: (0, 0), (0, 0), (0, 0), (622, 342), (655, 341), (604, 383), (676, 383), (580, 436), (696, 442), (565, 460), (718, 495), (612, 486), (665, 488), (595, 561), (691, 571), (589, 635), (695, 657)
Frame 14: (0, 0), (0, 0), (0, 0), (621, 342), (655, 341), (604, 383), (675, 383), (580, 436), (696, 442), (565, 459), (718, 494), (613, 486), (665, 487), (595, 562), (690, 569), (590, 637), (694, 654)
Frame 15: (0, 0), (0, 0), (0, 0), (621, 343), (655, 341), (604, 383), (676, 382), (580, 437), (696, 442), (565, 459), (719, 495), (613, 485), (666, 486), (595, 561), (690, 570), (589, 637), (694, 657)
Frame 16: (0, 0), (0, 0), (0, 0), (621, 342), (654, 341), (604, 382), (675, 383), (580, 436), (696, 441), (565, 460), (718, 494), (614, 484), (666, 487), (596, 560), (689, 573), (589, 635), (694, 661)
Frame 17: (0, 0), (0, 0), (0, 0), (621, 342), (655, 341), (604, 383), (675, 383), (579, 438), (697, 442), (565, 461), (719, 494), (614, 484), (666, 487), (597, 559), (689, 572), (589, 635), (694, 660)
Frame 18: (0, 0), (0, 0), (0, 0), (621, 341), (654, 341), (605, 383), (675, 383), (581, 437), (697, 442), (566, 464), (719, 496), (615, 484), (667, 487), (597, 558), (689, 571), (589, 633), (696, 660)
Frame 19: (0, 0), (0, 0), (0, 0), (621, 342), (655, 342), (604, 383), (676, 384), (580, 439), (696, 442), (565, 464), (718, 494), (615, 486), (667, 489), (596, 559), (689, 573), (589, 633), (695, 662)
Frame 20: (0, 0), (0, 0), (0, 0), (621, 343), (655, 342), (605, 383), (676, 384), (580, 439), (697, 443), (566, 463), (718, 494), (615, 485), (667, 487), (597, 557), (689, 572), (590, 633), (696, 661)
Frame 21: (0, 0), (0, 0), (0, 0), (621, 343), (655, 342), (605, 384), (676, 384), (580, 438), (697, 443), (566, 462), (719, 495), (615, 486), (667, 488), (597, 558), (689, 571), (590, 634), (695, 660)
Frame 22: (0, 0), (0, 0), (0, 0), (621, 342), (656, 342), (605, 383), (676, 384), (580, 438), (697, 443), (566, 463), (718, 495), (615, 486), (667, 488), (597, 559), (689, 572), (589, 635), (694, 660)
Frame 23: (0, 0), (0, 0), (0, 0), (622, 342), (656, 341), (604, 384), (676, 384), (580, 438), (696, 444), (566, 457), (718, 494), (614, 487), (667, 489), (596, 561), (690, 572), (589, 638), (694, 660)
Frame 24: (0, 0), (0, 0), (0, 0), (622, 342), (656, 341), (605, 383), (676, 384), (581, 437), (697, 444), (567, 459), (718, 494), (615, 487), (667, 489), (596, 560), (689, 572), (589, 637), (693, 661)
Frame 25: (0, 0), (0, 0), (0, 0), (622, 342), (656, 341), (605, 384), (676, 384), (581, 438), (696, 445), (567, 456), (718, 494), (614, 487), (666, 489), (596, 562), (689, 572), (589, 639), (693, 660)
Frame 26: (0, 0), (0, 0), (0, 0), (622, 342), (656, 341), (605, 383), (676, 384), (582, 438), (696, 445), (567, 459), (718, 494), (614, 487), (666, 489), (596, 561), (688, 572), (589, 638), (693, 660)
Frame 27: (0, 0), (0, 0), (0, 0), (622, 342), (654, 341), (605, 382), (675, 384), (580, 436), (696, 444), (566, 463), (718, 493), (614, 487), (665, 490), (597, 559), (689, 572), (590, 633), (693, 659)
Frame 28: (0, 0), (0, 0), (0, 0), (622, 343), (656, 342), (607, 383), (676, 384), (582, 437), (696, 445), (566, 456), (718, 494), (615, 487), (665, 489), (598, 558), (687, 571), (591, 630), (693, 656)
Frame 29: (0, 0), (0, 0), (0, 0), (622, 342), (656, 341), (606, 383), (675, 385), (580, 437), (696, 446), (566, 453), (718, 495), (615, 488), (666, 491), (598, 558), (687, 572), (591, 631), (693, 658)
Frame 30: (0, 0), (0, 0), (0, 0), (622, 342), (656, 341), (605, 382), (676, 384), (580, 437), (696, 445), (566, 458), (718, 496), (615, 487), (666, 490), (598, 556), (688, 570), (591, 630), (693, 657)
Frame 31: (0, 0), (0, 0), (0, 0), (622, 341), (656, 341), (606, 382), (676, 384), (580, 437), (696, 445), (566, 461), (717, 495), (615, 487), (666, 490), (598, 555), (688, 570), (592, 627), (694, 656)
Frame 32: (0, 0), (0, 0), (0, 0), (622, 342), (655, 341), (606, 382), (676, 384), (580, 438), (695, 443), (567, 461), (717, 493), (615, 484), (666, 487), (597, 553), (689, 569), (592, 627), (694, 658)
Frame 33: (0, 0), (0, 0), (0, 0), (622, 342), (656, 342), (606, 383), (676, 385), (581, 438), (696, 447), (566, 459), (719, 497), (615, 486), (666, 489), (597, 554), (689, 569), (592, 627), (692, 656)
Frame 34: (0, 0), (0, 0), (0, 0), (623, 343), (656, 342), (606, 384), (676, 385), (581, 438), (696, 447), (566, 456), (718, 496), (614, 486), (665, 488), (597, 556), (691, 568), (592, 628), (694, 652)
Frame 35: (0, 0), (0, 0), (0, 0), (622, 343), (656, 342), (605, 384), (676, 385), (580, 437), (695, 447), (565, 454), (717, 494), (614, 487), (665, 489), (597, 556), (690, 568), (591, 629), (692, 652)
Frame 36: (0, 0), (0, 0), (0, 0), (623, 342), (655, 341), (607, 381), (674, 384), (581, 434), (692, 446), (567, 447), (715, 491), (614, 485), (664, 487), (597, 557), (692, 567), (592, 633), (699, 650)
Frame 37: (0, 0), (0, 0), (0, 0), (622, 341), (655, 341), (606, 380), (673, 384), (581, 432), (692, 446), (567, 449), (713, 488), (613, 486), (663, 488), (596, 558), (692, 567), (591, 635), (698, 650)
Frame 38: (0, 0), (0, 0), (0, 0), (623, 341), (655, 341), (606, 381), (673, 384), (581, 433), (692, 446), (567, 449), (714, 490), (613, 485), (663, 487), (596, 558), (692, 567), (590, 635), (698, 650)
Frame 39: (0, 0), (0, 0), (0, 0), (624, 335), (656, 335), (610, 373), (673, 377), (587, 422), (691, 436), (567, 445), (714, 485), (616, 477), (661, 480), (600, 554), (678, 561), (594, 632), (683, 646)
Frame 40: (0, 0), (0, 0), (0, 0), (624, 331), (655, 332), (607, 365), (667, 369), (588, 415), (687, 423), (579, 439), (705, 441), (613, 462), (656, 463), (602, 545), (666, 545), (603, 631), (668, 626)
Frame 41: (0, 0), (0, 0), (0, 0), (624, 327), (652, 327), (607, 357), (662, 357), (593, 399), (681, 402), (588, 431), (697, 422), (615, 449), (652, 447), (615, 534), (662, 519), (614, 620), (661, 591)
Frame 42: (0, 0), (0, 0), (0, 0), (626, 323), (654, 324), (608, 353), (663, 354), (597, 395), (682, 393), (592, 430), (705, 428), (617, 440), (653, 440), (616, 509), (659, 505), (624, 583), (651, 577)
Frame 43: (0, 0), (0, 0), (0, 0), (0, 0), (656, 322), (610, 349), (666, 350), (598, 392), (685, 394), (590, 428), (707, 428), (618, 432), (655, 431), (619, 496), (660, 487), (623, 561), (652, 546)
Frame 44: (0, 0), (0, 0), (0, 0), (630, 322), (656, 323), (612, 349), (665, 352), (602, 389), (683, 393), (595, 419), (702, 410), (620, 427), (656, 427), (619, 486), (662, 479), (622, 551), (653, 536)
Frame 45: (0, 0), (0, 0), (0, 0), (0, 0), (658, 326), (613, 354), (668, 353), (602, 393), (684, 396), (586, 424), (702, 418), (622, 436), (657, 432), (630, 509), (662, 485), (634, 578), (652, 535)
Frame 46: (0, 0), (0, 0), (0, 0), (632, 333), (659, 332), (617, 361), (672, 361), (601, 398), (688, 405), (588, 427), (705, 426), (626, 440), (661, 436), (639, 502), (672, 479), (638, 568), (655, 526)
Frame 47: (0, 0), (0, 0), (0, 0), (631, 331), (658, 333), (616, 361), (669, 366), (604, 403), (690, 408), (588, 425), (698, 427), (623, 443), (657, 445), (631, 501), (656, 505), (642, 564), (651, 569)
Frame 48: (0, 0), (0, 0), (0, 0), (630, 331), (657, 334), (616, 359), (668, 366), (602, 400), (690, 407), (589, 429), (698, 424), (625, 441), (657, 444), (634, 501), (656, 508), (642, 565), (651, 575)
Frame 49: (0, 0), (0, 0), (0, 0), (629, 328), (654, 328), (614, 355), (667, 355), (603, 395), (682, 395), (593, 414), (692, 414), (623, 426), (659, 425), (614, 472), (663, 468), (621, 531), (661, 522)
Frame 50: (0, 0), (0, 0), (0, 0), (627, 322), (652, 323), (614, 350), (666, 352), (598, 392), (685, 395), (587, 394), (684, 407), (624, 428), (658, 429), (621, 484), (659, 488), (629, 545), (657, 553)
Frame 51: (0, 0), (0, 0), (0, 0), (626, 319), (651, 318), (614, 348), (665, 347), (597, 385), (680, 387), (598, 377), (685, 401), (625, 416), (659, 417), (622, 469), (663, 476), (626, 522), (659, 537)
Frame 52: (0, 0), (0, 0), (0, 0), (624, 311), (649, 311), (613, 339), (664, 340), (599, 380), (678, 383), (590, 379), (684, 393), (623, 412), (657, 414), (618, 464), (665, 471), (627, 518), (665, 531)
Frame 53: (0, 0), (0, 0), (0, 0), (623, 315), (648, 314), (613, 339), (662, 339), (600, 373), (676, 378), (586, 377), (685, 391), (621, 405), (655, 404), (613, 445), (669, 444), (619, 498), (669, 496)
Frame 54: (0, 0), (0, 0), (0, 0), (620, 314), (647, 313), (609, 340), (661, 340), (592, 373), (678, 377), (581, 387), (684, 400), (618, 406), (652, 405), (618, 460), (659, 455), (627, 517), (664, 509)
Frame 55: (0, 0), (0, 0), (0, 0), (619, 314), (0, 0), (609, 339), (661, 340), (592, 373), (678, 376), (578, 400), (684, 401), (617, 404), (652, 404), (619, 458), (659, 457), (630, 511), (665, 508)
Frame 56: (0, 0), (0, 0), (0, 0), (617, 318), (644, 317), (607, 343), (659, 343), (589, 380), (676, 380), (575, 401), (682, 409), (617, 409), (651, 409), (619, 465), (655, 468), (630, 520), (657, 525)
Frame 57: (0, 0), (0, 0), (0, 0), (616, 323), (641, 321), (606, 349), (656, 345), (590, 385), (672, 384), (574, 410), (687, 403), (620, 415), (653, 410), (620, 475), (660, 457), (629, 540), (669, 507)
Frame 58: (0, 0), (0, 0), (0, 0), (616, 325), (642, 323), (605, 352), (654, 349), (589, 388), (676, 391), (578, 418), (683, 427), (618, 423), (651, 419), (620, 487), (658, 466), (630, 547), (680, 510)
Frame 59: (0, 0), (0, 0), (0, 0), (614, 325), (641, 324), (603, 352), (653, 349), (587, 389), (674, 390), (577, 419), (682, 425), (617, 424), (651, 419), (622, 488), (658, 468), (632, 550), (679, 515)
Frame 60: (0, 0), (0, 0), (0, 0), (616, 324), (642, 322), (604, 352), (655, 347), (590, 392), (674, 390), (579, 431), (685, 424), (616, 425), (650, 419), (622, 489), (656, 465), (630, 552), (670, 508)
Frame 61: (0, 0), (0, 0), (0, 0), (0, 0), (646, 320), (607, 348), (655, 345), (595, 389), (674, 385), (584, 427), (688, 418), (615, 418), (648, 416), (621, 480), (659, 467), (624, 537), (667, 517)
Frame 62: (0, 0), (0, 0), (0, 0), (0, 0), (648, 309), (610, 340), (656, 337), (593, 388), (675, 379), (583, 429), (692, 411), (616, 415), (647, 414), (622, 486), (662, 479), (622, 551), (667, 544)
Frame 63: (0, 0), (0, 0), (0, 0), (623, 305), (648, 306), (611, 336), (659, 335), (595, 382), (678, 376), (587, 414), (690, 400), (616, 412), (647, 411), (621, 480), (654, 477), (630, 546), (652, 543)
Frame 64: (0, 0), (0, 0), (0, 0), (0, 0), (651, 304), (612, 330), (660, 333), (597, 377), (681, 370), (589, 413), (686, 367), (617, 411), (648, 413), (627, 481), (654, 482), (635, 548), (651, 549)
Frame 65: (0, 0), (0, 0), (0, 0), (0, 0), (654, 303), (615, 330), (663, 331), (600, 375), (683, 372), (594, 410), (692, 391), (618, 414), (650, 415), (627, 489), (653, 487), (635, 563), (652, 561)
Frame 66 (recovered): (0, 0), (0, 0), (0, 0), (0, 0), (654, 303), (615, 330), (663, 331), (600, 375), (683, 372), (594, 410), (692, 391), (618, 414), (650, 415), (627, 489), (653, 487), (635, 563), (652, 561)
Frame 67: (0, 0), (0, 0), (0, 0), (633, 308), (657, 309), (620, 336), (668, 338), (609, 374), (685, 377), (599, 402), (695, 393), (628, 409), (660, 409), (631, 467), (666, 461), (636, 531), (659, 520)
Frame 68: (0, 0), (0, 0), (0, 0), (0, 0), (657, 314), (623, 340), (668, 342), (610, 380), (687, 382), (597, 411), (692, 393), (628, 410), (658, 410), (633, 467), (663, 463), (636, 532), (657, 525)
Frame 69 (recovered): (0, 0), (0, 0), (0, 0), (0, 0), (657, 314), (623, 340), (668, 342), (610, 380), (687, 382), (597, 411), (692, 393), (628, 410), (658, 410), (633, 467), (663, 463), (636, 532), (657, 525)
Frame 70: (0, 0), (0, 0), (0, 0), (0, 0), (653, 325), (615, 350), (667, 354), (599, 390), (684, 395), (0, 0), (687, 413), (623, 425), (657, 427), (626, 482), (658, 485), (632, 539), (654, 545)
Frame 72: (0, 0), (0, 0), (0, 0), (627, 315), (653, 315), (614, 343), (666, 345), (601, 381), (680, 383), (594, 390), (685, 393), (620, 407), (657, 410), (605, 448), (665, 457), (609, 495), (665, 511)
Frame 73: (0, 0), (0, 0), (0, 0), (624, 310), (649, 310), (611, 336), (661, 338), (599, 371), (679, 376), (595, 390), (683, 393), (620, 405), (654, 405), (617, 457), (661, 456), (625, 512), (664, 510)
Frame 74: (0, 0), (0, 0), (0, 0), (622, 309), (645, 309), (613, 333), (659, 334), (598, 364), (677, 371), (590, 364), (680, 384), (621, 403), (652, 403), (622, 462), (660, 461), (628, 516), (663, 515)
Frame 75: (0, 0), (0, 0), (0, 0), (621, 304), (645, 304), (610, 330), (658, 332), (592, 365), (678, 375), (592, 361), (684, 392), (620, 409), (651, 410), (626, 478), (656, 478), (635, 541), (657, 540)
Frame 76: (0, 0), (0, 0), (0, 0), (620, 305), (649, 305), (609, 333), (660, 334), (591, 367), (678, 373), (588, 363), (678, 392), (617, 405), (651, 406), (622, 468), (654, 473), (628, 525), (654, 535)
Frame 77: (0, 0), (0, 0), (0, 0), (613, 306), (0, 0), (607, 332), (657, 332), (590, 370), (674, 370), (581, 371), (680, 395), (617, 404), (650, 406), (620, 463), (652, 476), (625, 519), (651, 544)
Frame 78: (0, 0), (0, 0), (0, 0), (617, 310), (0, 0), (609, 336), (655, 337), (589, 371), (676, 374), (575, 395), (682, 405), (617, 407), (647, 408), (623, 472), (649, 475), (629, 530), (652, 536)
Frame 79: (0, 0), (0, 0), (0, 0), (616, 316), (640, 315), (605, 342), (653, 340), (591, 381), (674, 380), (576, 408), (679, 412), (620, 413), (649, 410), (627, 481), (646, 469), (644, 539), (649, 518)
Frame 80: (0, 0), (0, 0), (0, 0), (615, 324), (638, 321), (604, 351), (653, 345), (589, 384), (670, 384), (577, 399), (681, 404), (617, 417), (649, 410), (621, 477), (654, 449), (629, 536), (669, 486)
Frame 81: (0, 0), (0, 0), (0, 0), (614, 324), (638, 323), (603, 351), (653, 347), (588, 390), (673, 389), (577, 424), (680, 425), (613, 421), (647, 418), (609, 480), (656, 468), (612, 528), (673, 505)
Frame 82: (0, 0), (0, 0), (0, 0), (0, 0), (640, 321), (604, 348), (652, 346), (592, 384), (673, 383), (584, 411), (683, 417), (613, 415), (646, 413), (608, 464), (657, 455), (607, 507), (665, 496)
Frame 83: (0, 0), (0, 0), (0, 0), (618, 318), (641, 317), (606, 347), (651, 345), (593, 383), (672, 385), (583, 407), (687, 416), (614, 417), (644, 415), (619, 476), (655, 464), (622, 526), (663, 505)
Frame 84: (0, 0), (0, 0), (0, 0), (0, 0), (642, 312), (604, 342), (654, 336), (594, 382), (674, 376), (587, 414), (688, 413), (613, 416), (646, 410), (622, 487), (652, 462), (624, 553), (654, 514)
Frame 85: (0, 0), (0, 0), (0, 0), (0, 0), (647, 309), (612, 334), (658, 333), (594, 375), (676, 371), (582, 413), (695, 406), (619, 409), (647, 409), (624, 479), (645, 479), (630, 546), (637, 548)
Frame 86: (0, 0), (0, 0), (0, 0), (0, 0), (650, 305), (614, 331), (661, 331), (600, 373), (678, 368), (594, 407), (692, 405), (617, 407), (647, 407), (623, 470), (644, 471), (629, 529), (639, 533)
Frame 87: (0, 0), (0, 0), (0, 0), (628, 304), (651, 304), (617, 328), (659, 326), (601, 362), (678, 357), (595, 395), (702, 388), (623, 386), (653, 385), (621, 414), (671, 409), (0, 0), (0, 0)
Frame 88: (0, 0), (0, 0), (0, 0), (627, 306), (651, 306), (613, 332), (664, 330), (605, 372), (678, 372), (596, 404), (699, 407), (617, 400), (653, 398), (617, 446), (669, 437), (619, 496), (671, 481)
Frame 89: (0, 0), (0, 0), (0, 0), (628, 310), (652, 310), (616, 335), (665, 335), (604, 371), (680, 376), (591, 400), (695, 412), (620, 398), (654, 397), (619, 446), (659, 440), (624, 502), (658, 492)
Frame 90: (0, 0), (0, 0), (0, 0), (0, 0), (652, 313), (617, 342), (664, 342), (602, 383), (684, 385), (592, 413), (693, 419), (622, 417), (652, 417), (631, 474), (652, 472), (635, 529), (651, 529)
Frame 91: (0, 0), (0, 0), (0, 0), (627, 317), (652, 317), (614, 344), (665, 346), (601, 383), (683, 388), (598, 405), (691, 417), (621, 416), (654, 416), (630, 473), (656, 471), (637, 529), (649, 527)
Frame 92: (0, 0), (0, 0), (0, 0), (625, 320), (651, 320), (611, 349), (664, 348), (599, 390), (682, 391), (596, 405), (689, 420), (621, 421), (655, 421), (626, 479), (657, 480), (633, 536), (651, 540)
Frame 93: (0, 0), (0, 0), (0, 0), (624, 322), (648, 322), (612, 346), (662, 347), (598, 384), (681, 390), (591, 396), (692, 411), (617, 416), (652, 417), (0, 0), (0, 0), (0, 0), (0, 0)
Frame 94: (0, 0), (0, 0), (0, 0), (627, 312), (648, 312), (617, 337), (658, 339), (604, 376), (676, 381), (599, 388), (689, 402), (619, 405), (649, 406), (0, 0), (0, 0), (0, 0), (0, 0)
Frame 95: (0, 0), (0, 0), (0, 0), (624, 311), (647, 310), (613, 339), (662, 339), (601, 376), (679, 383), (596, 385), (674, 405), (621, 406), (655, 405), (615, 462), (662, 457), (619, 517), (669, 511)
Frame 96: (0, 0), (0, 0), (0, 0), (624, 304), (648, 304), (613, 333), (659, 335), (599, 367), (677, 374), (589, 373), (684, 392), (621, 402), (652, 404), (621, 459), (658, 461), (626, 519), (658, 520)
Frame 97 (recovered): (0, 0), (0, 0), (0, 0), (624, 304), (648, 304), (613, 333), (659, 335), (599, 367), (677, 374), (589, 373), (684, 392), (621, 402), (652, 404), (621, 459), (658, 461), (626, 519), (658, 520)
Frame 101: (0, 0), (0, 0), (0, 0), (617, 316), (640, 314), (606, 346), (653, 343), (595, 382), (671, 384), (581, 398), (680, 416), (616, 409), (648, 406), (616, 456), (655, 444), (625, 508), (661, 488)
Frame 102: (0, 0), (0, 0), (0, 0), (617, 320), (640, 318), (606, 351), (654, 345), (595, 386), (670, 385), (578, 394), (680, 412), (617, 417), (650, 412), (614, 467), (656, 449), (624, 532), (660, 502)
Frame 103: (0, 0), (0, 0), (0, 0), (0, 0), (643, 319), (604, 352), (656, 346), (592, 388), (672, 390), (584, 408), (681, 423), (617, 423), (651, 416), (623, 488), (652, 459), (630, 553), (660, 505)
Frame 104: (0, 0), (0, 0), (0, 0), (0, 0), (644, 323), (608, 352), (653, 347), (593, 388), (671, 388), (583, 412), (685, 422), (617, 420), (648, 415), (620, 472), (656, 451), (627, 525), (667, 489)
Frame 105: (0, 0), (0, 0), (0, 0), (618, 320), (642, 319), (608, 347), (655, 346), (601, 386), (673, 385), (595, 411), (690, 417), (614, 410), (648, 409), (603, 446), (663, 442), (603, 498), (669, 494)
Frame 106: (0, 0), (0, 0), (0, 0), (619, 318), (643, 317), (609, 346), (656, 344), (599, 387), (673, 384), (586, 420), (690, 411), (615, 412), (650, 411), (605, 453), (661, 448), (603, 505), (667, 497)
Frame 107: (0, 0), (0, 0), (0, 0), (0, 0), (651, 313), (609, 342), (665, 340), (602, 381), (681, 384), (598, 402), (702, 418), (614, 408), (656, 406), (594, 452), (663, 443), (595, 513), (665, 503)
Frame 108: (0, 0), (0, 0), (0, 0), (626, 311), (653, 310), (617, 338), (665, 337), (608, 377), (683, 379), (599, 404), (703, 413), (622, 411), (657, 409), (608, 453), (666, 445), (606, 509), (664, 497)
Frame 109: (0, 0), (0, 0), (0, 0), (0, 0), (655, 310), (616, 336), (669, 338), (602, 372), (690, 380), (602, 385), (707, 415), (618, 408), (658, 409), (587, 436), (669, 440), (578, 489), (669, 499)
Frame 110: (0, 0), (0, 0), (0, 0), (0, 0), (661, 314), (617, 339), (674, 344), (600, 369), (695, 385), (604, 374), (715, 421), (615, 408), (658, 411), (583, 436), (670, 443), (570, 494), (667, 514)
Frame 111: (0, 0), (0, 0), (0, 0), (632, 316), (664, 316), (620, 346), (683, 351), (597, 390), (702, 395), (597, 403), (718, 432), (623, 424), (669, 430), (590, 448), (670, 478), (582, 506), (665, 563)
Frame 112: (0, 0), (0, 0), (0, 0), (641, 330), (670, 333), (626, 359), (688, 365), (609, 404), (709, 407), (598, 429), (723, 442), (626, 437), (671, 443), (596, 448), (675, 470), (588, 514), (670, 555)
Frame 113: (0, 0), (0, 0), (0, 0), (642, 337), (672, 337), (629, 368), (686, 370), (613, 414), (708, 414), (606, 440), (719, 450), (638, 449), (674, 451), (647, 512), (673, 517), (652, 576), (669, 587)
Frame 114: (0, 0), (0, 0), (0, 0), (640, 340), (670, 340), (627, 370), (685, 373), (611, 417), (706, 417), (603, 438), (719, 449), (635, 455), (673, 458), (641, 523), (674, 536), (645, 586), (667, 609)
Frame 115: (0, 0), (0, 0), (0, 0), (636, 336), (667, 336), (624, 370), (684, 371), (607, 420), (704, 419), (602, 444), (716, 451), (632, 454), (672, 456), (636, 521), (679, 529), (633, 590), (673, 607)
Frame 116: (0, 0), (0, 0), (0, 0), (0, 0), (662, 333), (620, 368), (678, 368), (603, 418), (703, 416), (597, 446), (720, 452), (624, 456), (664, 457), (623, 520), (681, 527), (614, 588), (681, 605)
Frame 117: (0, 0), (0, 0), (0, 0), (620, 325), (652, 323), (606, 365), (669, 362), (588, 415), (693, 411), (604, 430), (720, 448), (620, 457), (663, 459), (629, 535), (687, 542), (616, 609), (682, 626)
Frame 118: (0, 0), (0, 0), (0, 0), (613, 321), (645, 320), (594, 362), (654, 359), (572, 417), (680, 406), (582, 438), (719, 447), (609, 463), (650, 465), (630, 526), (686, 537), (606, 603), (673, 627)
Frame 119: (0, 0), (0, 0), (0, 0), (602, 324), (634, 325), (588, 353), (647, 357), (556, 399), (674, 400), (522, 447), (702, 439), (607, 453), (646, 458), (621, 528), (669, 544), (596, 612), (666, 637)
Frame 120: (0, 0), (0, 0), (0, 0), (0, 0), (632, 338), (583, 363), (644, 373), (545, 400), (667, 414), (514, 432), (708, 456), (607, 466), (646, 476), (620, 532), (656, 567), (595, 607), (645, 667)
Frame 121: (0, 0), (0, 0), (0, 0), (0, 0), (634, 352), (591, 368), (637, 388), (547, 396), (650, 436), (514, 428), (676, 473), (604, 477), (631, 488), (611, 555), (645, 582), (591, 640), (638, 678)
Frame 122: (0, 0), (0, 0), (0, 0), (0, 0), (627, 364), (585, 385), (631, 398), (542, 415), (639, 450), (510, 412), (684, 494), (598, 494), (628, 504), (617, 564), (659, 593), (589, 630), (662, 680)
Frame 123: (0, 0), (0, 0), (0, 0), (0, 0), (628, 369), (591, 400), (627, 414), (0, 0), (625, 473), (0, 0), (666, 519), (586, 514), (614, 528), (607, 567), (650, 614), (572, 619), (646, 705)
Frame 124: (0, 0), (0, 0), (0, 0), (0, 0), (641, 385), (603, 408), (622, 419), (0, 0), (595, 472), (0, 0), (612, 528), (578, 504), (599, 518), (602, 554), (650, 607), (570, 586), (646, 684)
Frame 125: (652, 402), (0, 0), (649, 396), (0, 0), (636, 400), (620, 430), (607, 432), (0, 0), (558, 483), (0, 0), (576, 552), (601, 530), (595, 535), (655, 590), (658, 595), (0, 0), (631, 653)
Frame 126: (0, 0), (0, 0), (0, 0), (617, 395), (655, 397), (607, 427), (652, 430), (558, 473), (0, 0), (530, 482), (0, 0), (601, 546), (635, 552), (613, 613), (662, 644), (572, 636), (0, 0)
Frame 127: (0, 0), (0, 0), (0, 0), (0, 0), (656, 410), (601, 435), (652, 448), (561, 469), (0, 0), (541, 470), (0, 0), (592, 554), (629, 565), (591, 587), (673, 621), (553, 620), (670, 677)
Frame 128: (0, 0), (0, 0), (0, 0), (624, 405), (661, 416), (599, 437), (657, 464), (560, 476), (667, 529), (0, 0), (0, 0), (580, 571), (622, 587), (601, 612), (689, 650), (566, 632), (682, 690)
Frame 129: (0, 0), (0, 0), (0, 0), (621, 416), (0, 0), (610, 450), (662, 460), (558, 493), (616, 485), (0, 0), (0, 0), (588, 576), (633, 587), (581, 598), (689, 647), (544, 619), (712, 699)
Frame 130: (0, 0), (0, 0), (0, 0), (625, 420), (0, 0), (620, 459), (666, 463), (559, 487), (0, 0), (542, 485), (0, 0), (602, 582), (644, 585), (568, 573), (669, 596), (543, 635), (697, 671)
Frame 131 (recovered): (0, 0), (0, 0), (0, 0), (625, 420), (0, 0), (620, 459), (666, 463), (559, 487), (0, 0), (542, 485), (0, 0), (602, 582), (644, 585), (568, 573), (669, 596), (543, 635), (697, 671)
Frame 132 (recovered): (0, 0), (0, 0), (0, 0), (625, 420), (0, 0), (620, 459), (666, 463), (559, 487), (0, 0), (542, 485), (0, 0), (602, 582), (644, 585), (568, 573), (669, 596), (543, 635), (697, 671)
Frame 133: (0, 0), (0, 0), (0, 0), (0, 0), (648, 435), (586, 462), (620, 463), (0, 0), (586, 501), (0, 0), (620, 536), (550, 585), (587, 589), (581, 643), (692, 657), (0, 0), (683, 707)
Frame 134 (recovered): (0, 0), (0, 0), (0, 0), (0, 0), (648, 435), (586, 462), (620, 463), (0, 0), (586, 501), (0, 0), (620, 536), (550, 585), (587, 589), (581, 643), (692, 657), (0, 0), (683, 707)
Frame 135: (0, 0), (0, 0), (0, 0), (0, 0), (586, 423), (542, 454), (579, 457), (0, 0), (602, 494), (0, 0), (652, 516), (538, 556), (572, 559), (548, 620), (634, 622), (0, 0), (632, 687)
Frame 136: (0, 0), (0, 0), (0, 0), (504, 401), (541, 395), (498, 438), (568, 430), (471, 487), (599, 480), (437, 507), (650, 510), (528, 549), (578, 545), (529, 638), (620, 629), (520, 703), (630, 685)
Frame 137: (0, 0), (0, 0), (0, 0), (498, 410), (528, 402), (499, 446), (558, 428), (472, 498), (598, 446), (453, 516), (617, 439), (535, 544), (575, 537), (523, 634), (587, 628), (526, 698), (609, 688)
Frame 138: (0, 0), (0, 0), (0, 0), (0, 0), (446, 362), (385, 439), (492, 398), (375, 522), (571, 414), (366, 559), (612, 443), (464, 585), (538, 571), (0, 0), (600, 679), (0, 0), (0, 0)
Frame 139: (0, 0), (0, 0), (0, 0), (0, 0), (0, 0), (377, 449), (476, 398), (386, 553), (549, 411), (353, 628), (602, 443), (464, 606), (539, 590), (0, 0), (0, 0), (0, 0), (0, 0)
Frame 140: (0, 0), (0, 0), (0, 0), (0, 0), (451, 384), (402, 456), (489, 410), (0, 0), (548, 415), (0, 0), (595, 436), (486, 600), (545, 584), (0, 0), (599, 676), (0, 0), (0, 0)
Frame 141: (0, 0), (0, 0), (0, 0), (0, 0), (465, 378), (428, 460), (501, 408), (428, 565), (554, 434), (440, 588), (597, 439), (500, 615), (550, 598), (0, 0), (0, 0), (0, 0), (0, 0)
Frame 143: (0, 0), (0, 0), (0, 0), (438, 441), (491, 425), (427, 497), (524, 450), (423, 596), (582, 474), (435, 634), (618, 492), (476, 626), (545, 611), (0, 0), (604, 688), (0, 0), (0, 0)
Frame 144: (0, 0), (0, 0), (0, 0), (442, 422), (496, 405), (440, 483), (533, 435), (432, 583), (589, 461), (412, 623), (622, 484), (493, 625), (558, 608), (0, 0), (0, 0), (0, 0), (0, 0)
Frame 145: (0, 0), (0, 0), (0, 0), (0, 0), (523, 363), (455, 438), (543, 408), (443, 524), (598, 444), (442, 539), (629, 469), (498, 593), (557, 584), (0, 0), (601, 667), (0, 0), (0, 0)
Frame 146: (0, 0), (0, 0), (0, 0), (464, 415), (511, 399), (463, 463), (551, 420), (456, 557), (610, 450), (427, 588), (632, 471), (518, 597), (579, 580), (505, 695), (616, 681), (0, 0), (0, 0)
Frame 147: (0, 0), (0, 0), (0, 0), (472, 415), (527, 402), (467, 467), (566, 432), (460, 555), (629, 471), (452, 582), (640, 481), (516, 601), (584, 587), (516, 687), (625, 670), (0, 0), (0, 0)
Frame 148: (0, 0), (0, 0), (0, 0), (483, 415), (536, 405), (477, 465), (573, 440), (470, 555), (632, 482), (442, 585), (638, 487), (523, 607), (591, 599), (0, 0), (0, 0), (0, 0), (0, 0)
Frame 149: (0, 0), (0, 0), (0, 0), (489, 408), (539, 398), (481, 463), (580, 436), (469, 548), (641, 476), (443, 571), (653, 481), (526, 609), (594, 600), (0, 0), (0, 0), (0, 0), (0, 0)
Frame 150: (0, 0), (0, 0), (0, 0), (500, 396), (545, 387), (494, 448), (585, 426), (474, 530), (644, 467), (459, 558), (646, 464), (535, 583), (598, 575), (531, 685), (633, 680), (0, 0), (0, 0)
Frame 151: (0, 0), (0, 0), (0, 0), (500, 388), (546, 377), (499, 438), (588, 412), (476, 517), (645, 452), (458, 539), (651, 468), (536, 570), (597, 562), (531, 680), (635, 677), (0, 0), (0, 0)
Frame 152: (0, 0), (0, 0), (0, 0), (502, 376), (547, 367), (500, 427), (592, 405), (475, 511), (649, 453), (441, 538), (650, 457), (541, 562), (603, 554), (531, 674), (628, 667), (0, 0), (0, 0)
Frame 153: (0, 0), (0, 0), (0, 0), (505, 379), (549, 370), (504, 428), (594, 406), (472, 510), (650, 454), (438, 536), (660, 459), (547, 559), (607, 550), (538, 669), (630, 663), (0, 0), (0, 0)
Frame 154: (0, 0), (0, 0), (0, 0), (507, 381), (550, 373), (506, 429), (595, 410), (471, 506), (648, 456), (441, 536), (652, 463), (549, 562), (606, 555), (551, 667), (627, 660), (0, 0), (0, 0)
Frame 155: (0, 0), (0, 0), (0, 0), (506, 384), (552, 375), (505, 432), (593, 412), (469, 512), (647, 463), (433, 537), (650, 459), (553, 565), (609, 558), (560, 674), (628, 666), (0, 0), (0, 0)
Frame 156: (0, 0), (0, 0), (0, 0), (508, 381), (553, 371), (505, 429), (595, 407), (468, 505), (639, 467), (430, 530), (647, 512), (553, 553), (611, 546), (555, 661), (627, 653), (0, 0), (0, 0)
Frame 157: (0, 0), (0, 0), (0, 0), (0, 0), (0, 0), (497, 429), (584, 400), (465, 503), (636, 450), (434, 522), (630, 489), (555, 555), (613, 545), (564, 666), (639, 649), (585, 711), (682, 692)
Frame 158: (0, 0), (0, 0), (0, 0), (0, 0), (0, 0), (495, 424), (584, 398), (462, 499), (635, 450), (429, 520), (634, 484), (549, 552), (612, 544), (553, 656), (645, 642), (559, 703), (682, 687)
Frame 159: (0, 0), (0, 0), (0, 0), (510, 374), (551, 363), (502, 419), (595, 398), (463, 491), (635, 465), (421, 510), (650, 508), (548, 544), (611, 532), (543, 644), (639, 619), (550, 707), (651, 667)
Frame 160: (0, 0), (0, 0), (0, 0), (511, 370), (552, 359), (500, 416), (594, 396), (463, 484), (634, 461), (414, 509), (655, 511), (550, 534), (611, 522), (551, 617), (630, 586), (552, 698), (624, 648)
Frame 161: (0, 0), (0, 0), (0, 0), (511, 366), (556, 357), (497, 415), (600, 395), (460, 477), (634, 450), (412, 493), (640, 448), (539, 533), (610, 520), (553, 593), (657, 552), (550, 690), (0, 0)
Frame 162: (0, 0), (0, 0), (0, 0), (514, 363), (557, 358), (498, 407), (592, 394), (461, 471), (636, 442), (421, 486), (616, 451), (544, 532), (605, 528), (564, 513), (0, 0), (0, 0), (0, 0)
Frame 163 (recovered): (0, 0), (0, 0), (0, 0), (514, 363), (557, 358), (498, 407), (592, 394), (461, 471), (636, 442), (421, 486), (616, 451), (544, 532), (605, 528), (564, 513), (0, 0), (0, 0), (0, 0)
Frame 164: (0, 0), (0, 0), (0, 0), (515, 355), (560, 351), (496, 396), (593, 384), (457, 454), (633, 433), (433, 500), (643, 471), (534, 521), (598, 515), (541, 599), (622, 581), (0, 0), (0, 0)
Frame 165 (recovered): (0, 0), (0, 0), (0, 0), (515, 355), (560, 351), (496, 396), (593, 384), (457, 454), (633, 433), (433, 500), (643, 471), (534, 521), (598, 515), (541, 599), (622, 581), (0, 0), (0, 0)
Frame 166 (recovered): (0, 0), (0, 0), (0, 0), (515, 355), (560, 351), (496, 396), (593, 384), (457, 454), (633, 433), (433, 500), (643, 471), (534, 521), (598, 515), (541, 599), (622, 581), (0, 0), (0, 0)
Frame 167: (0, 0), (0, 0), (0, 0), (520, 354), (562, 352), (496, 395), (590, 388), (446, 451), (630, 434), (416, 483), (634, 461), (532, 528), (588, 525), (531, 631), (567, 624), (0, 0), (0, 0)
Frame 168: (0, 0), (0, 0), (0, 0), (524, 354), (563, 352), (500, 400), (590, 392), (449, 459), (636, 432), (433, 490), (649, 446), (534, 534), (587, 530), (533, 639), (564, 632), (0, 0), (0, 0)
Frame 169: (0, 0), (0, 0), (0, 0), (521, 360), (561, 357), (495, 403), (589, 393), (444, 445), (634, 427), (428, 462), (653, 444), (530, 534), (585, 528), (533, 637), (566, 619), (556, 717), (567, 686)
Frame 170: (0, 0), (0, 0), (0, 0), (519, 365), (558, 362), (493, 406), (586, 396), (444, 449), (639, 425), (431, 473), (656, 442), (534, 538), (586, 534), (537, 647), (554, 635), (0, 0), (0, 0)
Frame 171: (0, 0), (0, 0), (0, 0), (516, 365), (555, 361), (490, 409), (584, 395), (446, 459), (637, 424), (428, 490), (657, 444), (530, 539), (584, 533), (533, 644), (561, 624), (0, 0), (0, 0)
Frame 172: (0, 0), (0, 0), (0, 0), (521, 368), (559, 364), (500, 408), (584, 399), (455, 432), (620, 430), (425, 418), (0, 0), (529, 537), (580, 531), (527, 635), (573, 621), (554, 717), (586, 693)
Frame 173 (recovered): (0, 0), (0, 0), (0, 0), (521, 368), (559, 364), (500, 408), (584, 399), (455, 432), (620, 430), (425, 418), (0, 0), (529, 537), (580, 531), (527, 635), (573, 621), (554, 717), (586, 693)
Frame 174: (0, 0), (0, 0), (0, 0), (518, 374), (553, 370), (503, 411), (583, 406), (454, 428), (638, 436), (429, 420), (664, 455), (533, 525), (585, 521), (514, 513), (610, 495), (0, 0), (0, 0)
Frame 175: (0, 0), (0, 0), (0, 0), (519, 381), (556, 375), (506, 419), (586, 411), (464, 431), (637, 435), (424, 426), (662, 445), (534, 536), (585, 528), (523, 573), (604, 544), (540, 682), (625, 633)
Frame 176: (0, 0), (0, 0), (0, 0), (518, 383), (553, 377), (505, 425), (584, 414), (462, 437), (633, 436), (433, 433), (658, 443), (533, 536), (584, 527), (524, 584), (602, 552), (539, 680), (621, 626)
Frame 177: (0, 0), (0, 0), (0, 0), (521, 386), (557, 381), (507, 427), (585, 418), (464, 439), (638, 438), (433, 431), (665, 443), (533, 534), (583, 526), (525, 581), (600, 554), (542, 679), (624, 635)
Frame 178: (0, 0), (0, 0), (0, 0), (522, 387), (559, 383), (506, 427), (585, 419), (460, 443), (635, 440), (419, 440), (661, 448), (531, 533), (581, 526), (524, 571), (600, 546), (545, 664), (622, 625)
Frame 179: (0, 0), (0, 0), (0, 0), (527, 391), (563, 387), (506, 428), (588, 421), (461, 440), (637, 443), (433, 425), (661, 455), (531, 534), (581, 529), (534, 584), (592, 564), (572, 675), (616, 643)
Frame 180 (recovered): (0, 0), (0, 0), (0, 0), (527, 391), (563, 387), (506, 428), (588, 421), (461, 440), (637, 443), (433, 425), (661, 455), (531, 534), (581, 529), (534, 584), (592, 564), (572, 675), (616, 643)
Frame 181: (0, 0), (0, 0), (0, 0), (0, 0), (572, 391), (515, 422), (598, 422), (482, 436), (633, 441), (466, 423), (661, 445), (533, 526), (586, 527), (524, 568), (605, 573), (553, 633), (609, 641)
Frame 182: (0, 0), (0, 0), (0, 0), (546, 389), (580, 389), (522, 421), (602, 423), (481, 419), (645, 440), (466, 400), (666, 444), (533, 524), (584, 523), (531, 572), (599, 563), (546, 640), (617, 628)
Frame 183: (0, 0), (0, 0), (0, 0), (544, 389), (580, 390), (523, 422), (601, 428), (482, 419), (640, 448), (463, 403), (664, 448), (532, 524), (581, 526), (537, 543), (607, 540), (0, 0), (0, 0)
Frame 184: (0, 0), (0, 0), (0, 0), (548, 393), (583, 394), (524, 425), (603, 430), (478, 418), (645, 450), (471, 395), (666, 450), (528, 522), (580, 521), (517, 542), (600, 529), (0, 0), (0, 0)
Frame 186 (recovered): (0, 0), (0, 0), (0, 0), (548, 393), (583, 394), (524, 425), (603, 430), (478, 418), (645, 450), (471, 395), (666, 450), (528, 522), (580, 521), (517, 542), (600, 529), (0, 0), (0, 0)
Frame 187 (recovered): (0, 0), (0, 0), (0, 0), (548, 393), (583, 394), (524, 425), (603, 430), (478, 418), (645, 450), (471, 395), (666, 450), (528, 522), (580, 521), (517, 542), (600, 529), (0, 0), (0, 0)
Frame 188: (0, 0), (0, 0), (0, 0), (0, 0), (583, 420), (521, 439), (589, 451), (479, 444), (647, 480), (461, 431), (697, 497), (544, 543), (584, 550), (587, 516), (633, 515), (0, 0), (0, 0)
Frame 189: (0, 0), (0, 0), (0, 0), (0, 0), (585, 395), (567, 430), (570, 440), (0, 0), (633, 492), (0, 0), (728, 507), (591, 535), (590, 545), (652, 550), (621, 563), (626, 637), (625, 655)
Frame 190: (0, 0), (0, 0), (0, 0), (0, 0), (611, 395), (562, 428), (605, 440), (521, 450), (624, 489), (506, 440), (662, 519), (576, 543), (600, 549), (589, 623), (601, 622), (608, 685), (619, 682)
Frame 191: (0, 0), (0, 0), (0, 0), (613, 407), (647, 415), (589, 444), (658, 470), (543, 442), (719, 521), (543, 423), (808, 522), (594, 576), (629, 585), (621, 569), (645, 576), (0, 0), (0, 0)
Frame 192: (0, 0), (0, 0), (0, 0), (640, 412), (675, 417), (612, 446), (690, 462), (566, 473), (725, 512), (542, 470), (765, 531), (623, 566), (672, 575), (600, 580), (662, 606), (0, 0), (0, 0)
Frame 193: (0, 0), (0, 0), (0, 0), (666, 407), (0, 0), (652, 437), (712, 446), (607, 473), (749, 487), (595, 484), (781, 510), (653, 534), (693, 539), (610, 514), (676, 532), (578, 585), (661, 614)
Frame 194: (0, 0), (0, 0), (0, 0), (675, 389), (0, 0), (658, 424), (728, 427), (625, 468), (757, 473), (623, 498), (793, 484), (661, 533), (707, 533), (628, 599), (689, 598), (640, 686), (701, 681)
Frame 195: (0, 0), (0, 0), (0, 0), (678, 386), (0, 0), (669, 418), (728, 416), (638, 456), (762, 464), (620, 468), (795, 479), (669, 514), (708, 507), (621, 543), (676, 518), (626, 636), (692, 594)
Frame 196: (0, 0), (0, 0), (0, 0), (676, 385), (0, 0), (666, 416), (725, 415), (631, 458), (759, 459), (618, 486), (790, 483), (671, 508), (712, 506), (620, 513), (693, 508), (614, 585), (705, 576)
Frame 197: (0, 0), (0, 0), (0, 0), (664, 382), (0, 0), (664, 429), (727, 416), (628, 467), (780, 478), (599, 483), (853, 515), (673, 532), (714, 517), (617, 592), (675, 526), (654, 703), (717, 610)
Frame 198: (0, 0), (0, 0), (0, 0), (664, 387), (0, 0), (656, 424), (725, 418), (626, 464), (771, 471), (607, 480), (826, 506), (662, 537), (705, 528), (625, 601), (666, 571), (645, 685), (695, 637)
Frame 199: (0, 0), (0, 0), (0, 0), (661, 381), (0, 0), (654, 417), (718, 411), (629, 462), (760, 464), (606, 483), (792, 494), (662, 528), (702, 521), (627, 607), (657, 586), (650, 694), (688, 658)
Frame 200: (0, 0), (0, 0), (0, 0), (657, 374), (0, 0), (648, 411), (711, 401), (623, 458), (761, 450), (602, 481), (802, 490), (659, 520), (698, 511), (630, 598), (664, 573), (653, 688), (699, 645)
Frame 201: (0, 0), (0, 0), (0, 0), (653, 371), (0, 0), (646, 412), (708, 399), (619, 466), (758, 449), (589, 483), (799, 493), (662, 517), (700, 509), (626, 588), (671, 570), (650, 671), (705, 643)
Frame 202: (0, 0), (0, 0), (0, 0), (649, 367), (0, 0), (642, 406), (714, 395), (625, 463), (757, 449), (596, 483), (791, 490), (656, 514), (705, 507), (616, 584), (682, 572), (651, 674), (715, 655)
Frame 203: (0, 0), (0, 0), (0, 0), (645, 373), (0, 0), (638, 409), (710, 398), (631, 469), (750, 453), (605, 489), (782, 490), (648, 513), (696, 507), (619, 587), (681, 574), (653, 674), (705, 654)
Frame 204: (0, 0), (0, 0), (0, 0), (641, 376), (0, 0), (637, 413), (701, 401), (627, 471), (741, 458), (604, 494), (772, 498), (646, 519), (688, 510), (624, 594), (665, 572), (655, 677), (703, 643)
Frame 205: (0, 0), (0, 0), (0, 0), (641, 376), (0, 0), (639, 411), (696, 399), (636, 470), (735, 450), (613, 491), (763, 501), (648, 513), (685, 507), (619, 594), (655, 586), (660, 671), (698, 662)
Frame 206: (0, 0), (0, 0), (0, 0), (637, 371), (0, 0), (635, 407), (689, 394), (639, 469), (727, 445), (613, 488), (757, 498), (642, 510), (677, 502), (607, 586), (633, 576), (650, 662), (665, 652)
Frame 207: (0, 0), (0, 0), (0, 0), (640, 368), (0, 0), (638, 399), (697, 392), (625, 453), (730, 443), (616, 492), (746, 486), (648, 481), (690, 477), (634, 461), (709, 455), (0, 0), (733, 500)
Frame 210: (0, 0), (0, 0), (0, 0), (644, 354), (0, 0), (644, 390), (695, 384), (637, 441), (721, 431), (631, 473), (728, 475), (667, 480), (699, 477), (667, 549), (684, 548), (699, 618), (701, 617)
Frame 211: (0, 0), (0, 0), (0, 0), (641, 353), (0, 0), (637, 386), (694, 383), (634, 435), (720, 425), (632, 471), (726, 464), (651, 473), (691, 472), (636, 537), (683, 541), (659, 610), (705, 619)
Frame 212: (0, 0), (0, 0), (0, 0), (641, 353), (0, 0), (637, 387), (690, 382), (633, 436), (715, 423), (634, 471), (717, 459), (651, 476), (688, 474), (633, 547), (683, 550), (643, 617), (702, 624)
Frame 213: (0, 0), (0, 0), (0, 0), (639, 352), (0, 0), (638, 388), (688, 381), (635, 443), (718, 429), (630, 475), (711, 465), (653, 485), (688, 481), (638, 562), (682, 555), (645, 631), (706, 624)
Frame 214: (0, 0), (0, 0), (0, 0), (636, 352), (0, 0), (631, 388), (686, 383), (625, 438), (716, 435), (626, 473), (704, 472), (637, 486), (679, 481), (612, 567), (679, 553), (616, 655), (715, 628)
Frame 215: (625, 352), (629, 346), (0, 0), (640, 350), (0, 0), (636, 384), (682, 381), (626, 433), (706, 424), (631, 469), (702, 462), (646, 474), (680, 472), (625, 552), (676, 551), (631, 624), (704, 623)
Frame 216: (0, 0), (0, 0), (0, 0), (634, 348), (0, 0), (630, 383), (682, 378), (623, 436), (705, 427), (624, 474), (697, 465), (638, 480), (677, 475), (610, 569), (676, 554), (605, 653), (708, 631)
Frame 217: (0, 0), (0, 0), (0, 0), (627, 345), (0, 0), (623, 381), (680, 376), (617, 429), (703, 431), (621, 469), (0, 0), (628, 486), (673, 480), (605, 575), (678, 556), (603, 665), (715, 630)
Frame 218: (0, 0), (0, 0), (0, 0), (620, 344), (0, 0), (620, 382), (674, 375), (614, 432), (703, 432), (616, 472), (691, 470), (629, 486), (671, 479), (607, 578), (677, 555), (602, 667), (713, 627)
Frame 219: (0, 0), (0, 0), (0, 0), (620, 349), (0, 0), (619, 383), (675, 376), (612, 430), (702, 423), (616, 469), (694, 463), (633, 484), (675, 479), (618, 570), (681, 559), (616, 654), (712, 633)
Frame 220: (0, 0), (0, 0), (0, 0), (619, 347), (0, 0), (621, 381), (675, 374), (614, 433), (701, 426), (614, 471), (693, 468), (634, 479), (674, 474), (607, 571), (672, 554), (604, 656), (704, 632)
Frame 221: (0, 0), (0, 0), (0, 0), (618, 347), (0, 0), (616, 380), (671, 375), (609, 430), (694, 423), (613, 467), (683, 461), (632, 479), (674, 475), (614, 563), (678, 555), (613, 650), (708, 633)
Frame 222: (0, 0), (0, 0), (0, 0), (618, 348), (0, 0), (615, 381), (672, 376), (607, 432), (699, 425), (612, 468), (689, 466), (631, 482), (674, 478), (610, 565), (679, 557), (610, 650), (709, 635)
Frame 223: (0, 0), (0, 0), (0, 0), (618, 347), (0, 0), (614, 381), (670, 375), (607, 431), (696, 422), (609, 468), (693, 465), (631, 479), (672, 475), (610, 562), (675, 554), (612, 644), (701, 632)
Frame 224: (0, 0), (0, 0), (0, 0), (614, 342), (0, 0), (609, 376), (671, 373), (604, 424), (700, 429), (610, 466), (690, 469), (619, 480), (665, 475), (598, 568), (673, 551), (604, 657), (709, 626)
Frame 225: (0, 0), (0, 0), (0, 0), (617, 346), (0, 0), (613, 379), (670, 375), (607, 425), (699, 425), (609, 463), (694, 467), (627, 479), (670, 474), (610, 566), (678, 552), (606, 654), (707, 628)
Frame 226: (0, 0), (0, 0), (0, 0), (613, 343), (0, 0), (611, 378), (669, 372), (605, 424), (697, 425), (606, 465), (686, 465), (625, 478), (670, 472), (603, 570), (677, 551), (602, 662), (707, 626)
Frame 227: (0, 0), (0, 0), (0, 0), (616, 344), (0, 0), (615, 378), (670, 374), (607, 428), (694, 427), (607, 466), (690, 471), (630, 476), (670, 472), (609, 565), (672, 552), (609, 652), (699, 631)
Frame 228: (0, 0), (0, 0), (0, 0), (616, 344), (0, 0), (612, 380), (668, 374), (606, 431), (694, 425), (606, 468), (690, 469), (629, 477), (669, 473), (611, 563), (676, 552), (612, 647), (699, 632)
Frame 229: (0, 0), (0, 0), (0, 0), (618, 344), (0, 0), (614, 379), (668, 374), (606, 431), (695, 427), (605, 469), (689, 474), (629, 479), (668, 475), (610, 567), (675, 556), (611, 651), (702, 636)
Frame 230: (0, 0), (0, 0), (0, 0), (618, 342), (0, 0), (615, 377), (670, 373), (607, 427), (693, 428), (606, 467), (687, 473), (627, 475), (667, 471), (608, 567), (672, 554), (610, 658), (701, 636)
Frame 231: (0, 0), (0, 0), (0, 0), (618, 343), (0, 0), (615, 376), (666, 373), (609, 424), (691, 425), (605, 466), (686, 468), (626, 476), (666, 472), (606, 567), (676, 555), (606, 658), (706, 634)
Frame 232: (0, 0), (0, 0), (0, 0), (618, 342), (0, 0), (617, 377), (668, 372), (610, 427), (693, 426), (606, 466), (686, 469), (628, 477), (665, 473), (608, 568), (669, 554), (609, 658), (701, 635)
Frame 233: (0, 0), (0, 0), (0, 0), (619, 343), (0, 0), (618, 377), (666, 371), (611, 427), (690, 424), (605, 465), (683, 467), (628, 482), (666, 477), (610, 573), (672, 559), (607, 665), (705, 639)
Frame 234: (0, 0), (0, 0), (0, 0), (618, 343), (0, 0), (619, 378), (665, 373), (613, 427), (691, 426), (605, 465), (684, 466), (631, 483), (667, 478), (611, 573), (672, 560), (606, 665), (707, 640)
Frame 235: (0, 0), (0, 0), (0, 0), (617, 343), (0, 0), (616, 378), (666, 374), (610, 426), (691, 426), (606, 464), (683, 464), (629, 483), (667, 479), (611, 576), (672, 563), (608, 669), (706, 644)
Frame 236: (0, 0), (0, 0), (0, 0), (612, 347), (0, 0), (612, 382), (658, 374), (609, 433), (680, 422), (597, 468), (674, 462), (624, 488), (659, 481), (608, 580), (660, 562), (619, 672), (702, 639)
Frame 237: (0, 0), (0, 0), (0, 0), (603, 348), (0, 0), (595, 387), (663, 377), (583, 441), (700, 431), (560, 466), (703, 469), (618, 486), (662, 480), (617, 586), (660, 566), (648, 679), (689, 644)
Frame 238: (0, 0), (0, 0), (0, 0), (609, 343), (639, 341), (593, 376), (657, 369), (581, 432), (689, 413), (566, 466), (712, 461), (604, 456), (652, 454), (567, 474), (666, 475), (0, 0), (0, 0)
Frame 239: (0, 0), (0, 0), (0, 0), (623, 336), (655, 338), (602, 371), (662, 373), (586, 422), (685, 421), (587, 450), (696, 436), (612, 471), (652, 471), (616, 557), (659, 553), (616, 641), (655, 631)
Frame 240: (0, 0), (0, 0), (0, 0), (622, 337), (658, 339), (602, 372), (672, 374), (590, 425), (687, 435), (578, 466), (701, 440), (613, 479), (661, 474), (617, 568), (669, 532), (614, 665), (670, 598)
Frame 241: (0, 0), (0, 0), (0, 0), (624, 340), (659, 340), (602, 379), (674, 378), (580, 434), (689, 443), (573, 467), (699, 443), (613, 490), (663, 483), (608, 573), (672, 537), (607, 666), (688, 595)
Frame 242: (0, 0), (0, 0), (0, 0), (622, 341), (658, 344), (600, 375), (671, 382), (582, 431), (689, 445), (565, 476), (698, 444), (611, 480), (663, 478), (604, 569), (680, 548), (600, 672), (686, 623)
Frame 243: (0, 0), (0, 0), (0, 0), (623, 341), (658, 343), (600, 378), (671, 382), (583, 432), (690, 443), (566, 465), (696, 455), (611, 482), (662, 481), (602, 566), (681, 554), (597, 661), (683, 634)
Frame 244: (0, 0), (0, 0), (0, 0), (622, 339), (657, 341), (600, 377), (669, 381), (581, 436), (691, 441), (569, 467), (701, 453), (609, 480), (660, 481), (598, 564), (684, 562), (593, 656), (689, 644)
Frame 245: (0, 0), (0, 0), (0, 0), (622, 338), (657, 339), (599, 378), (669, 381), (580, 437), (691, 439), (580, 468), (704, 466), (610, 480), (661, 481), (596, 561), (684, 561), (590, 652), (688, 651)
Frame 246: (0, 0), (0, 0), (0, 0), (622, 337), (657, 338), (598, 378), (671, 379), (578, 435), (697, 436), (569, 451), (707, 462), (611, 476), (663, 477), (595, 558), (684, 565), (591, 648), (694, 654)
Frame 247: (0, 0), (0, 0), (0, 0), (621, 339), (656, 339), (602, 380), (670, 380), (575, 436), (692, 434), (566, 451), (708, 468), (612, 480), (662, 482), (597, 557), (682, 568), (591, 639), (691, 660)
Frame 248: (0, 0), (0, 0), (0, 0), (621, 338), (656, 338), (601, 379), (670, 380), (578, 435), (692, 436), (567, 452), (707, 470), (611, 482), (661, 485), (597, 561), (684, 572), (591, 642), (690, 662)
Frame 249: (0, 0), (0, 0), (0, 0), (624, 335), (656, 335), (600, 371), (673, 370), (578, 419), (689, 424), (574, 450), (696, 445), (609, 469), (663, 465), (601, 539), (693, 516), (595, 638), (707, 592)
Frame 250: (0, 0), (0, 0), (0, 0), (626, 333), (657, 336), (605, 362), (666, 368), (584, 406), (684, 419), (0, 0), (698, 423), (602, 450), (649, 452), (588, 444), (694, 442), (0, 0), (0, 0)
Frame 251: (0, 0), (0, 0), (0, 0), (0, 0), (657, 332), (605, 360), (670, 364), (584, 403), (688, 415), (0, 0), (0, 0), (610, 461), (655, 460), (612, 550), (677, 533), (606, 647), (677, 613)
Frame 252 (recovered): (0, 0), (0, 0), (0, 0), (0, 0), (657, 332), (605, 360), (670, 364), (584, 403), (688, 415), (0, 0), (0, 0), (610, 461), (655, 460), (612, 550), (677, 533), (606, 647), (677, 613)
Frame 253 (recovered): (0, 0), (0, 0), (0, 0), (0, 0), (657, 332), (605, 360), (670, 364), (584, 403), (688, 415), (0, 0), (0, 0), (610, 461), (655, 460), (612, 550), (677, 533), (606, 647), (677, 613)
Frame 254: (0, 0), (0, 0), (0, 0), (616, 329), (643, 334), (597, 358), (655, 368), (578, 408), (677, 413), (560, 440), (665, 388), (600, 451), (638, 454), (610, 518), (642, 518), (615, 590), (636, 581)
Frame 255: (0, 0), (0, 0), (0, 0), (609, 336), (640, 339), (589, 366), (647, 371), (567, 411), (668, 422), (557, 447), (686, 454), (589, 462), (627, 462), (594, 536), (626, 529), (599, 610), (621, 596)
Frame 256: (0, 0), (0, 0), (0, 0), (601, 345), (630, 349), (581, 374), (637, 381), (562, 418), (655, 429), (543, 452), (664, 434), (589, 466), (626, 467), (592, 537), (626, 532), (595, 613), (621, 598)
Frame 257: (0, 0), (0, 0), (0, 0), (587, 347), (616, 351), (565, 380), (630, 387), (545, 434), (649, 440), (536, 456), (0, 0), (572, 474), (614, 477), (586, 533), (613, 533), (592, 612), (605, 606)
Frame 258: (0, 0), (0, 0), (0, 0), (574, 349), (600, 351), (558, 380), (613, 383), (537, 424), (635, 431), (527, 441), (638, 441), (567, 472), (602, 472), (571, 549), (601, 547), (584, 628), (600, 623)
Frame 259: (0, 0), (0, 0), (0, 0), (562, 349), (591, 352), (545, 377), (603, 383), (522, 419), (624, 431), (517, 452), (632, 452), (551, 466), (589, 469), (559, 543), (592, 546), (571, 621), (599, 622)
Frame 260: (0, 0), (0, 0), (0, 0), (570, 339), (598, 342), (552, 366), (610, 373), (532, 411), (632, 419), (520, 450), (635, 448), (562, 459), (599, 462), (564, 533), (599, 541), (573, 610), (600, 619)
Frame 261: (0, 0), (0, 0), (0, 0), (575, 333), (603, 334), (560, 368), (622, 370), (532, 414), (644, 419), (532, 411), (633, 402), (568, 456), (607, 457), (580, 530), (605, 527), (591, 600), (613, 596)
Frame 262: (0, 0), (0, 0), (0, 0), (576, 326), (605, 327), (561, 361), (623, 366), (534, 405), (648, 414), (531, 406), (642, 401), (571, 455), (610, 458), (584, 534), (609, 536), (587, 609), (608, 612)
Frame 263 (recovered): (0, 0), (0, 0), (0, 0), (576, 326), (605, 327), (561, 361), (623, 366), (534, 405), (648, 414), (531, 406), (642, 401), (571, 455), (610, 458), (584, 534), (609, 536), (587, 609), (608, 612)
Frame 264: (0, 0), (0, 0), (0, 0), (583, 319), (609, 318), (575, 352), (629, 352), (553, 390), (650, 389), (536, 414), (0, 0), (584, 429), (619, 429), (584, 485), (620, 485), (595, 541), (622, 540)
Frame 265: (0, 0), (0, 0), (0, 0), (585, 319), (611, 319), (575, 349), (632, 349), (550, 386), (655, 382), (525, 422), (0, 0), (590, 433), (627, 432), (594, 499), (627, 492), (605, 549), (628, 533)
Frame 268: (0, 0), (0, 0), (0, 0), (592, 333), (620, 334), (573, 364), (637, 367), (556, 402), (655, 416), (0, 0), (0, 0), (584, 452), (625, 453), (595, 523), (627, 515), (603, 594), (612, 578)
Frame 269: (0, 0), (0, 0), (0, 0), (594, 332), (624, 335), (574, 364), (636, 370), (555, 414), (655, 421), (557, 434), (651, 420), (585, 457), (626, 460), (590, 528), (633, 531), (594, 597), (622, 598)
Frame 270: (0, 0), (0, 0), (0, 0), (596, 333), (626, 335), (574, 368), (639, 372), (558, 421), (658, 425), (0, 0), (649, 422), (587, 460), (632, 462), (589, 521), (648, 527), (592, 587), (639, 595)
Frame 271: (0, 0), (0, 0), (0, 0), (0, 0), (625, 342), (577, 370), (631, 373), (559, 409), (651, 414), (0, 0), (659, 430), (587, 452), (626, 453), (588, 499), (652, 494), (586, 570), (663, 558)
Frame 272: (0, 0), (0, 0), (0, 0), (599, 341), (628, 344), (578, 376), (637, 383), (564, 423), (658, 428), (566, 451), (667, 446), (591, 467), (635, 472), (583, 522), (660, 539), (579, 587), (668, 610)
Frame 273: (0, 0), (0, 0), (0, 0), (603, 343), (632, 346), (582, 376), (637, 382), (563, 419), (658, 432), (563, 442), (674, 456), (591, 464), (631, 467), (586, 510), (652, 512), (580, 577), (660, 578)
Frame 274: (0, 0), (0, 0), (0, 0), (606, 343), (634, 346), (584, 377), (643, 385), (563, 425), (659, 433), (0, 0), (669, 446), (594, 471), (638, 478), (591, 522), (665, 545), (587, 584), (671, 621)
Frame 275: (0, 0), (0, 0), (0, 0), (609, 343), (637, 346), (586, 377), (641, 385), (568, 424), (662, 434), (0, 0), (679, 454), (598, 469), (639, 474), (593, 521), (662, 532), (585, 585), (667, 601)
Frame 276: (0, 0), (0, 0), (0, 0), (611, 342), (639, 345), (590, 377), (645, 383), (571, 423), (661, 426), (0, 0), (674, 441), (599, 470), (640, 477), (595, 527), (666, 548), (587, 594), (676, 627)
Frame 277: (0, 0), (0, 0), (0, 0), (0, 0), (666, 346), (613, 373), (670, 383), (591, 418), (691, 437), (0, 0), (717, 474), (618, 473), (658, 479), (624, 544), (692, 560), (617, 609), (690, 632)
Frame 279: (0, 0), (0, 0), (0, 0), (670, 335), (697, 340), (649, 358), (697, 368), (626, 398), (708, 415), (0, 0), (722, 430), (646, 431), (685, 435), (630, 452), (729, 454), (0, 0), (0, 0)
Frame 280: (0, 0), (0, 0), (0, 0), (672, 330), (695, 333), (651, 353), (695, 358), (633, 391), (705, 400), (0, 0), (714, 417), (651, 419), (688, 420), (634, 445), (726, 437), (0, 0), (746, 484)
Frame 281: (0, 0), (0, 0), (0, 0), (666, 324), (693, 328), (647, 347), (692, 353), (628, 385), (705, 398), (0, 0), (717, 412), (644, 416), (682, 419), (626, 422), (720, 420), (0, 0), (742, 469)
Frame 282: (0, 0), (0, 0), (0, 0), (661, 326), (690, 328), (642, 352), (694, 355), (622, 391), (708, 406), (618, 409), (733, 437), (643, 426), (682, 426), (637, 457), (712, 444), (0, 0), (0, 0)
Frame 283: (0, 0), (0, 0), (0, 0), (655, 329), (687, 330), (637, 360), (695, 363), (614, 403), (711, 416), (599, 430), (734, 462), (639, 446), (677, 446), (640, 514), (678, 507), (643, 587), (672, 575)
Frame 284: (0, 0), (0, 0), (0, 0), (644, 333), (681, 333), (627, 370), (689, 371), (609, 416), (710, 425), (602, 431), (730, 467), (635, 460), (677, 459), (633, 530), (679, 522), (633, 605), (681, 592)
Frame 285: (0, 0), (0, 0), (0, 0), (639, 338), (676, 338), (623, 374), (686, 375), (606, 420), (704, 429), (593, 428), (723, 465), (632, 466), (676, 465), (624, 532), (682, 525), (623, 606), (683, 594)
Frame 286: (0, 0), (0, 0), (0, 0), (634, 341), (671, 341), (614, 377), (683, 377), (599, 424), (700, 433), (592, 439), (717, 451), (624, 472), (673, 469), (616, 525), (688, 507), (608, 600), (682, 567)
Frame 287: (0, 0), (0, 0), (0, 0), (631, 341), (667, 343), (611, 375), (676, 380), (596, 418), (697, 432), (591, 441), (716, 441), (623, 469), (670, 470), (618, 520), (703, 512), (608, 611), (695, 590)
Frame 288: (0, 0), (0, 0), (0, 0), (627, 338), (663, 341), (607, 377), (670, 382), (590, 424), (689, 432), (592, 436), (706, 451), (618, 468), (664, 472), (619, 523), (696, 531), (610, 599), (696, 611)
Frame 289: (0, 0), (0, 0), (0, 0), (627, 349), (661, 351), (608, 383), (669, 389), (589, 425), (687, 436), (593, 442), (703, 454), (621, 473), (666, 476), (621, 527), (699, 530), (611, 597), (697, 600)
Frame 290: (0, 0), (0, 0), (0, 0), (0, 0), (660, 350), (607, 380), (668, 390), (589, 420), (688, 439), (0, 0), (710, 464), (618, 472), (662, 478), (617, 531), (691, 540), (612, 600), (696, 612)
Frame 291: (0, 0), (0, 0), (0, 0), (0, 0), (659, 347), (605, 378), (668, 389), (586, 425), (689, 444), (0, 0), (702, 451), (616, 475), (662, 482), (612, 533), (692, 550), (609, 599), (700, 622)
Frame 292: (0, 0), (0, 0), (0, 0), (0, 0), (659, 348), (607, 376), (666, 383), (592, 415), (683, 430), (587, 440), (699, 448), (619, 464), (661, 467), (621, 525), (689, 525), (611, 578), (679, 576)
Frame 293: (0, 0), (0, 0), (0, 0), (628, 342), (662, 344), (611, 371), (671, 375), (594, 420), (681, 418), (586, 446), (701, 447), (618, 462), (663, 467), (614, 525), (690, 546), (608, 586), (697, 623)
Frame 294: (0, 0), (0, 0), (0, 0), (0, 0), (661, 345), (610, 374), (666, 383), (591, 423), (685, 434), (583, 447), (703, 457), (618, 472), (661, 479), (612, 529), (692, 552), (605, 594), (710, 628)
Frame 295: (0, 0), (0, 0), (0, 0), (628, 342), (660, 346), (609, 376), (666, 383), (591, 423), (686, 429), (582, 446), (702, 448), (618, 469), (661, 475), (615, 526), (688, 542), (606, 588), (703, 614)
Frame 296: (0, 0), (0, 0), (0, 0), (629, 343), (661, 348), (608, 374), (669, 387), (588, 418), (690, 439), (597, 448), (704, 451), (616, 469), (662, 476), (609, 531), (689, 544), (600, 601), (703, 616)
Frame 297: (0, 0), (0, 0), (0, 0), (632, 345), (663, 350), (611, 378), (669, 390), (592, 426), (684, 441), (591, 466), (703, 452), (615, 472), (659, 479), (612, 533), (695, 549), (601, 601), (702, 619)
Frame 298: (0, 0), (0, 0), (0, 0), (0, 0), (662, 357), (618, 385), (663, 392), (0, 0), (672, 442), (0, 0), (686, 451), (615, 472), (650, 475), (612, 537), (674, 539), (601, 599), (678, 601)
Frame 300: (0, 0), (0, 0), (0, 0), (0, 0), (661, 366), (634, 388), (650, 391), (0, 0), (649, 432), (0, 0), (660, 460), (624, 452), (641, 456), (659, 485), (685, 496), (0, 0), (696, 550)
Frame 301: (0, 0), (0, 0), (0, 0), (0, 0), (659, 360), (628, 384), (645, 389), (0, 0), (641, 430), (0, 0), (651, 464), (628, 455), (647, 459), (638, 507), (678, 512), (0, 0), (681, 565)
Frame 307: (0, 0), (0, 0), (0, 0), (0, 0), (645, 391), (590, 404), (650, 437), (551, 388), (676, 487), (522, 375), (702, 497), (586, 508), (624, 520), (615, 556), (671, 561), (613, 584), (0, 0)
Frame 308: (0, 0), (0, 0), (0, 0), (606, 383), (638, 385), (592, 410), (652, 425), (547, 413), (684, 472), (522, 401), (712, 500), (599, 517), (635, 521), (604, 586), (652, 576), (0, 0), (0, 0)
Frame 309: (0, 0), (0, 0), (0, 0), (606, 409), (0, 0), (591, 431), (653, 440), (545, 436), (686, 482), (517, 428), (719, 512), (589, 523), (624, 524), (597, 582), (631, 578), (602, 603), (626, 596)
Frame 320 (recovered): (0, 0), (0, 0), (0, 0), (606, 409), (0, 0), (591, 431), (653, 440), (545, 436), (686, 482), (517, 428), (719, 512), (589, 523), (624, 524), (597, 582), (631, 578), (602, 603), (626, 596)
Frame 321: (0, 0), (0, 0), (0, 0), (610, 359), (643, 356), (601, 397), (667, 390), (576, 444), (693, 427), (557, 459), (678, 434), (613, 482), (660, 479), (598, 528), (686, 527), (594, 583), (698, 584)
Frame 322 (recovered): (0, 0), (0, 0), (0, 0), (610, 359), (643, 356), (601, 397), (667, 390), (576, 444), (693, 427), (557, 459), (678, 434), (613, 482), (660, 479), (598, 528), (686, 527), (594, 583), (698, 584)
Frame 324: (0, 0), (0, 0), (0, 0), (622, 350), (658, 347), (613, 386), (678, 382), (595, 432), (702, 430), (572, 452), (705, 461), (625, 473), (673, 469), (605, 529), (685, 518), (598, 579), (696, 562)
Frame 325: (0, 0), (0, 0), (0, 0), (623, 346), (660, 343), (611, 383), (680, 380), (593, 430), (702, 432), (574, 450), (711, 466), (622, 468), (673, 463), (595, 512), (691, 498), (580, 559), (695, 537)
Frame 326: (0, 0), (0, 0), (0, 0), (626, 346), (661, 344), (612, 379), (681, 379), (592, 421), (704, 430), (582, 440), (711, 451), (622, 459), (673, 456), (600, 477), (698, 467), (0, 0), (0, 0)
Frame 327: (0, 0), (0, 0), (0, 0), (626, 342), (662, 340), (611, 380), (681, 378), (587, 420), (701, 428), (576, 442), (715, 452), (623, 465), (671, 461), (616, 521), (683, 502), (620, 558), (690, 527)
Frame 328: (0, 0), (0, 0), (0, 0), (626, 341), (660, 340), (614, 376), (677, 378), (599, 419), (701, 427), (0, 0), (706, 442), (623, 455), (670, 455), (604, 499), (686, 498), (598, 552), (697, 552)
Frame 329: (0, 0), (0, 0), (0, 0), (627, 341), (661, 341), (616, 378), (676, 379), (593, 420), (697, 426), (583, 443), (707, 454), (625, 465), (665, 465), (618, 525), (656, 521), (644, 573), (685, 566)
Frame 330: (0, 0), (0, 0), (0, 0), (626, 339), (661, 340), (613, 375), (676, 377), (592, 418), (694, 420), (590, 443), (704, 447), (620, 457), (665, 458), (597, 508), (667, 513), (598, 561), (682, 570)
Frame 331 (recovered): (0, 0), (0, 0), (0, 0), (626, 339), (661, 340), (613, 375), (676, 377), (592, 418), (694, 420), (590, 443), (704, 447), (620, 457), (665, 458), (597, 508), (667, 513), (598, 561), (682, 570)
Frame 332: (0, 0), (0, 0), (0, 0), (623, 342), (657, 341), (611, 377), (670, 379), (590, 391), (691, 419), (0, 0), (707, 446), (621, 460), (662, 460), (626, 512), (679, 503), (641, 562), (698, 550)
Frame 333: (0, 0), (0, 0), (0, 0), (627, 357), (657, 355), (611, 391), (673, 389), (588, 427), (690, 433), (587, 436), (700, 452), (621, 464), (668, 462), (602, 474), (703, 460), (597, 526), (722, 506)
Frame 334 (recovered): (0, 0), (0, 0), (0, 0), (627, 357), (657, 355), (611, 391), (673, 389), (588, 427), (690, 433), (587, 436), (700, 452), (621, 464), (668, 462), (602, 474), (703, 460), (597, 526), (722, 506)
Frame 335: (0, 0), (0, 0), (0, 0), (619, 387), (657, 388), (604, 423), (668, 429), (577, 453), (688, 483), (556, 473), (711, 517), (617, 507), (662, 505), (613, 548), (685, 530), (612, 592), (693, 557)
Frame 336: (0, 0), (0, 0), (0, 0), (0, 0), (664, 401), (612, 426), (670, 447), (0, 0), (690, 503), (0, 0), (715, 532), (614, 513), (653, 522), (636, 525), (689, 532), (0, 0), (687, 559)
Frame 337: (0, 0), (0, 0), (0, 0), (0, 0), (664, 416), (608, 441), (672, 464), (575, 473), (691, 527), (0, 0), (720, 542), (616, 537), (655, 549), (656, 532), (693, 552), (0, 0), (0, 0)
Frame 338: (0, 0), (0, 0), (0, 0), (0, 0), (669, 412), (618, 436), (675, 461), (600, 444), (690, 522), (0, 0), (720, 542), (616, 522), (655, 535), (626, 537), (681, 561), (0, 0), (0, 0)
Frame 339: (0, 0), (0, 0), (0, 0), (0, 0), (672, 421), (610, 448), (675, 468), (574, 483), (695, 529), (562, 507), (719, 538), (612, 547), (657, 554), (599, 589), (680, 590), (586, 622), (674, 611)
Frame 340: (0, 0), (0, 0), (0, 0), (0, 0), (673, 422), (614, 448), (678, 468), (579, 475), (700, 525), (0, 0), (725, 540), (616, 551), (660, 559), (603, 601), (675, 606), (594, 620), (669, 618)
Frame 341: (0, 0), (0, 0), (0, 0), (0, 0), (671, 421), (610, 449), (681, 468), (584, 467), (699, 524), (0, 0), (726, 533), (614, 554), (661, 561), (610, 622), (669, 627), (0, 0), (658, 675)
Frame 342: (0, 0), (0, 0), (0, 0), (0, 0), (670, 420), (615, 448), (680, 467), (600, 448), (697, 514), (0, 0), (718, 532), (618, 542), (663, 551), (612, 593), (675, 608), (617, 627), (674, 650)
Frame 343: (0, 0), (0, 0), (0, 0), (0, 0), (670, 416), (616, 442), (680, 463), (597, 438), (697, 510), (609, 405), (718, 533), (618, 538), (663, 547), (617, 592), (681, 605), (617, 639), (683, 656)
Frame 344 (recovered): (0, 0), (0, 0), (0, 0), (0, 0), (670, 416), (616, 442), (680, 463), (597, 438), (697, 510), (609, 405), (718, 533), (618, 538), (663, 547), (617, 592), (681, 605), (617, 639), (683, 656)
Frame 345: (0, 0), (0, 0), (0, 0), (0, 0), (668, 407), (616, 430), (677, 450), (598, 438), (696, 503), (614, 407), (714, 531), (624, 520), (665, 529), (642, 548), (694, 554), (0, 0), (0, 0)
Frame 346: (0, 0), (0, 0), (0, 0), (632, 403), (666, 406), (617, 431), (670, 449), (595, 433), (691, 501), (0, 0), (713, 532), (622, 517), (661, 525), (633, 517), (703, 525), (0, 0), (0, 0)
Frame 347: (0, 0), (0, 0), (0, 0), (631, 395), (665, 400), (617, 424), (671, 443), (595, 424), (691, 497), (0, 0), (700, 515), (620, 515), (660, 523), (634, 511), (707, 518), (0, 0), (0, 0)
Frame 348: (0, 0), (0, 0), (0, 0), (0, 0), (664, 395), (617, 415), (671, 435), (606, 422), (686, 490), (0, 0), (699, 514), (618, 503), (655, 512), (646, 520), (694, 531), (0, 0), (0, 0)
Frame 349: (0, 0), (0, 0), (0, 0), (626, 386), (662, 390), (609, 418), (668, 431), (580, 460), (684, 488), (564, 475), (697, 503), (615, 506), (655, 513), (627, 513), (688, 526), (0, 0), (0, 0)
Frame 350: (0, 0), (0, 0), (0, 0), (0, 0), (661, 388), (612, 409), (664, 429), (603, 414), (685, 478), (0, 0), (700, 495), (617, 496), (652, 505), (652, 496), (699, 504), (0, 0), (0, 0)
Frame 351 (recovered): (0, 0), (0, 0), (0, 0), (0, 0), (661, 388), (612, 409), (664, 429), (603, 414), (685, 478), (0, 0), (700, 495), (617, 496), (652, 505), (652, 496), (699, 504), (0, 0), (0, 0)
Frame 352: (0, 0), (0, 0), (0, 0), (0, 0), (660, 381), (609, 406), (664, 423), (581, 421), (685, 481), (0, 0), (703, 492), (617, 499), (655, 507), (650, 501), (708, 508), (0, 0), (0, 0)
Frame 354 (recovered): (0, 0), (0, 0), (0, 0), (0, 0), (660, 381), (609, 406), (664, 423), (581, 421), (685, 481), (0, 0), (703, 492), (617, 499), (655, 507), (650, 501), (708, 508), (0, 0), (0, 0)
Frame 355 (recovered): (0, 0), (0, 0), (0, 0), (0, 0), (660, 381), (609, 406), (664, 423), (581, 421), (685, 481), (0, 0), (703, 492), (617, 499), (655, 507), (650, 501), (708, 508), (0, 0), (0, 0)
Frame 356: (0, 0), (0, 0), (0, 0), (623, 364), (658, 366), (606, 397), (667, 408), (587, 415), (683, 460), (0, 0), (702, 482), (611, 489), (655, 493), (605, 548), (674, 550), (598, 604), (680, 608)
Frame 357 (recovered): (0, 0), (0, 0), (0, 0), (623, 364), (658, 366), (606, 397), (667, 408), (587, 415), (683, 460), (0, 0), (702, 482), (611, 489), (655, 493), (605, 548), (674, 550), (598, 604), (680, 608)
Frame 358 (recovered): (0, 0), (0, 0), (0, 0), (623, 364), (658, 366), (606, 397), (667, 408), (587, 415), (683, 460), (0, 0), (702, 482), (611, 489), (655, 493), (605, 548), (674, 550), (598, 604), (680, 608)
Frame 360 (recovered): (0, 0), (0, 0), (0, 0), (623, 364), (658, 366), (606, 397), (667, 408), (587, 415), (683, 460), (0, 0), (702, 482), (611, 489), (655, 493), (605, 548), (674, 550), (598, 604), (680, 608)
Frame 361: (0, 0), (0, 0), (0, 0), (0, 0), (661, 358), (613, 374), (673, 400), (606, 340), (692, 445), (614, 287), (712, 481), (614, 464), (658, 472), (604, 457), (686, 449), (0, 0), (0, 0)
Frame 362: (0, 0), (0, 0), (0, 0), (0, 0), (661, 360), (613, 379), (670, 403), (603, 337), (692, 444), (609, 284), (711, 469), (617, 474), (660, 479), (605, 528), (687, 519), (593, 595), (697, 575)
Frame 363: (0, 0), (0, 0), (0, 0), (0, 0), (662, 354), (610, 374), (668, 396), (599, 361), (688, 446), (0, 0), (704, 473), (616, 469), (658, 476), (611, 533), (678, 533), (602, 594), (688, 592)
Frame 364: (0, 0), (0, 0), (0, 0), (634, 350), (662, 354), (611, 378), (667, 395), (581, 395), (678, 456), (579, 402), (709, 506), (610, 464), (651, 470), (604, 517), (689, 511), (0, 0), (700, 549)
Frame 365: (0, 0), (0, 0), (0, 0), (0, 0), (666, 360), (621, 374), (663, 403), (620, 346), (664, 454), (640, 311), (693, 501), (608, 466), (640, 476), (610, 530), (666, 531), (603, 576), (664, 571)
Frame 368: (0, 0), (0, 0), (0, 0), (0, 0), (0, 0), (658, 255), (604, 248), (683, 307), (560, 275), (685, 281), (532, 225), (647, 381), (622, 379), (617, 468), (643, 468), (583, 552), (672, 556)
Frame 369: (616, 198), (0, 0), (0, 0), (0, 0), (0, 0), (672, 239), (598, 226), (703, 266), (552, 185), (698, 281), (516, 140), (659, 366), (621, 363), (644, 429), (641, 442), (607, 516), (649, 537)
Frame 370: (607, 186), (613, 175), (599, 178), (629, 167), (590, 173), (664, 202), (584, 194), (700, 231), (546, 163), (687, 265), (513, 115), (660, 316), (615, 313), (644, 396), (621, 402), (609, 481), (629, 484)
Frame 371: (600, 164), (607, 156), (592, 158), (622, 155), (585, 158), (650, 186), (574, 183), (698, 200), (537, 147), (725, 225), (502, 109), (650, 290), (604, 296), (667, 355), (610, 388), (658, 436), (616, 480)
Frame 397: (0, 0), (0, 0), (0, 0), (626, 338), (663, 340), (608, 375), (674, 380), (585, 419), (692, 429), (581, 450), (707, 456), (617, 467), (665, 470), (611, 514), (688, 519), (609, 562), (699, 566)
Frame 399: (0, 0), (0, 0), (0, 0), (625, 339), (655, 339), (607, 372), (668, 384), (588, 361), (690, 430), (0, 0), (0, 0), (615, 459), (659, 462), (602, 514), (671, 513), (602, 567), (682, 565)
Frame 404: (0, 0), (0, 0), (0, 0), (0, 0), (634, 373), (584, 384), (626, 421), (601, 387), (659, 478), (0, 0), (698, 502), (593, 494), (616, 517), (657, 532), (646, 585), (653, 600), (616, 679)
Frame 405: (0, 0), (0, 0), (0, 0), (0, 0), (625, 375), (573, 390), (618, 429), (0, 0), (654, 492), (0, 0), (701, 503), (580, 501), (605, 525), (641, 547), (632, 601), (635, 605), (602, 686)
Frame 406: (0, 0), (0, 0), (0, 0), (0, 0), (617, 388), (578, 404), (607, 440), (606, 431), (643, 508), (641, 439), (694, 503), (588, 518), (603, 541), (651, 560), (647, 610), (648, 607), (607, 676)
Frame 407: (0, 0), (0, 0), (0, 0), (0, 0), (617, 403), (590, 403), (600, 454), (628, 397), (633, 517), (671, 374), (673, 511), (595, 516), (597, 548), (665, 547), (636, 617), (644, 570), (606, 667)
Frame 408: (0, 0), (0, 0), (0, 0), (0, 0), (616, 419), (586, 415), (592, 463), (626, 384), (606, 517), (672, 364), (625, 525), (571, 523), (574, 549), (656, 561), (648, 608), (620, 599), (608, 662)
Frame 409: (0, 0), (0, 0), (623, 427), (0, 0), (611, 433), (579, 418), (585, 471), (611, 401), (608, 527), (650, 377), (676, 514), (567, 511), (567, 545), (657, 536), (646, 606), (643, 564), (613, 660)
Frame 410: (0, 0), (0, 0), (625, 436), (0, 0), (612, 438), (577, 432), (577, 472), (610, 423), (587, 527), (639, 400), (664, 510), (543, 528), (545, 553), (626, 567), (648, 608), (610, 626), (638, 678)
Frame 411: (625, 446), (0, 0), (623, 441), (0, 0), (613, 436), (592, 440), (577, 461), (0, 0), (574, 522), (0, 0), (643, 509), (557, 527), (550, 545), (634, 584), (652, 619), (613, 631), (640, 681)
Frame 412: (0, 0), (0, 0), (630, 443), (0, 0), (617, 434), (588, 440), (579, 452), (0, 0), (558, 511), (0, 0), (618, 504), (564, 532), (560, 543), (631, 622), (657, 637), (586, 662), (600, 684)
Frame 413: (637, 446), (0, 0), (636, 440), (0, 0), (623, 431), (609, 444), (579, 444), (0, 0), (540, 497), (0, 0), (594, 499), (574, 524), (558, 529), (615, 547), (602, 548), (622, 639), (625, 642)
Frame 417 (recovered): (637, 446), (0, 0), (636, 440), (0, 0), (623, 431), (609, 444), (579, 444), (0, 0), (540, 497), (0, 0), (594, 499), (574, 524), (558, 529), (615, 547), (602, 548), (622, 639), (625, 642)
Frame 418: (0, 0), (0, 0), (0, 0), (0, 0), (623, 386), (596, 391), (587, 403), (0, 0), (535, 460), (0, 0), (584, 497), (573, 491), (568, 499), (617, 566), (611, 568), (601, 626), (598, 628)
Frame 419: (0, 0), (0, 0), (0, 0), (0, 0), (623, 368), (587, 363), (587, 385), (548, 366), (538, 440), (538, 358), (586, 478), (561, 470), (561, 482), (594, 532), (606, 546), (0, 0), (607, 604)
Frame 420: (0, 0), (0, 0), (0, 0), (0, 0), (605, 351), (572, 368), (574, 373), (570, 398), (534, 431), (0, 0), (577, 473), (571, 468), (575, 472), (600, 554), (605, 557), (597, 619), (599, 627)
Frame 425: (0, 0), (0, 0), (0, 0), (502, 272), (0, 0), (492, 312), (556, 303), (476, 363), (590, 337), (0, 0), (0, 0), (515, 414), (558, 411), (527, 485), (590, 480), (535, 573), (592, 565)
Frame 427: (0, 0), (0, 0), (0, 0), (0, 0), (521, 253), (443, 312), (532, 307), (0, 0), (581, 355), (0, 0), (613, 345), (461, 445), (528, 444), (468, 533), (580, 523), (450, 641), (594, 648)
Frame 428: (0, 0), (0, 0), (0, 0), (0, 0), (522, 292), (449, 346), (538, 343), (0, 0), (584, 384), (0, 0), (618, 381), (466, 469), (531, 472), (462, 546), (579, 553), (0, 0), (0, 0)
Frame 429: (0, 0), (0, 0), (0, 0), (0, 0), (524, 294), (456, 357), (545, 344), (0, 0), (593, 388), (0, 0), (616, 390), (480, 487), (543, 485), (491, 570), (591, 571), (0, 0), (591, 669)
Frame 430: (0, 0), (0, 0), (0, 0), (0, 0), (527, 287), (460, 342), (547, 336), (0, 0), (584, 374), (0, 0), (616, 387), (483, 464), (540, 466), (526, 544), (583, 557), (0, 0), (591, 646)
Frame 431: (0, 0), (0, 0), (0, 0), (0, 0), (515, 287), (451, 345), (545, 342), (0, 0), (601, 388), (0, 0), (626, 390), (477, 471), (538, 475), (517, 537), (587, 557), (544, 595), (585, 637)
Frame 432: (0, 0), (0, 0), (0, 0), (0, 0), (513, 305), (446, 356), (544, 359), (0, 0), (605, 403), (0, 0), (635, 397), (472, 484), (537, 494), (0, 0), (587, 588), (0, 0), (0, 0)
Frame 433: (0, 0), (0, 0), (0, 0), (0, 0), (521, 316), (455, 372), (546, 362), (0, 0), (598, 409), (0, 0), (620, 420), (477, 494), (537, 491), (504, 544), (580, 535), (0, 0), (573, 594)
Frame 434: (0, 0), (0, 0), (0, 0), (0, 0), (523, 317), (463, 369), (551, 367), (0, 0), (610, 422), (0, 0), (635, 414), (477, 494), (536, 496), (499, 511), (585, 514), (0, 0), (571, 594)
Frame 436: (0, 0), (0, 0), (0, 0), (488, 311), (531, 310), (461, 362), (556, 354), (436, 437), (602, 402), (408, 478), (625, 408), (474, 478), (542, 478), (463, 534), (587, 541), (455, 627), (579, 640)
Frame 458 (recovered): (0, 0), (0, 0), (0, 0), (488, 311), (531, 310), (461, 362), (556, 354), (436, 437), (602, 402), (408, 478), (625, 408), (474, 478), (542, 478), (463, 534), (587, 541), (455, 627), (579, 640)
Frame 459 (recovered): (0, 0), (0, 0), (0, 0), (488, 311), (531, 310), (461, 362), (556, 354), (436, 437), (602, 402), (408, 478), (625, 408), (474, 478), (542, 478), (463, 534), (587, 541), (455, 627), (579, 640)
Frame 461 (recovered): (0, 0), (0, 0), (0, 0), (488, 311), (531, 310), (461, 362), (556, 354), (436, 437), (602, 402), (408, 478), (625, 408), (474, 478), (542, 478), (463, 534), (587, 541), (455, 627), (579, 640)
Frame 462: (0, 0), (0, 0), (0, 0), (0, 0), (592, 369), (520, 384), (592, 405), (463, 424), (617, 462), (421, 462), (643, 461), (500, 495), (542, 505), (560, 509), (619, 523), (0, 0), (0, 0)
Frame 463: (0, 0), (0, 0), (0, 0), (0, 0), (606, 371), (529, 378), (602, 411), (468, 420), (618, 478), (432, 452), (643, 471), (496, 479), (541, 497), (558, 504), (621, 534), (535, 560), (0, 0)
Frame 464: (0, 0), (0, 0), (0, 0), (0, 0), (606, 372), (534, 374), (603, 403), (478, 405), (622, 464), (451, 424), (645, 458), (503, 476), (543, 491), (584, 508), (626, 532), (0, 0), (0, 0)
Frame 465: (0, 0), (0, 0), (0, 0), (0, 0), (609, 364), (535, 371), (602, 399), (484, 397), (622, 461), (450, 409), (642, 457), (502, 487), (547, 499), (542, 514), (636, 528), (531, 584), (616, 593)
Frame 466: (0, 0), (0, 0), (0, 0), (0, 0), (606, 355), (539, 369), (609, 396), (487, 393), (633, 455), (456, 397), (641, 452), (510, 475), (555, 488), (547, 504), (619, 520), (526, 558), (606, 571)
Frame 467: (0, 0), (0, 0), (0, 0), (0, 0), (616, 374), (547, 370), (610, 397), (496, 386), (631, 448), (462, 396), (650, 446), (511, 464), (555, 475), (520, 501), (617, 513), (495, 558), (603, 568)
Frame 468: (0, 0), (0, 0), (0, 0), (0, 0), (600, 349), (542, 366), (605, 386), (496, 381), (626, 440), (463, 383), (0, 0), (517, 462), (562, 469), (514, 504), (610, 510), (498, 565), (0, 0)
Frame 469: (0, 0), (0, 0), (0, 0), (0, 0), (602, 351), (549, 363), (610, 383), (502, 373), (635, 427), (470, 377), (651, 438), (521, 454), (561, 462), (540, 494), (610, 505), (517, 548), (602, 564)
Frame 470: (0, 0), (0, 0), (0, 0), (0, 0), (601, 352), (549, 365), (611, 384), (504, 372), (643, 424), (474, 376), (659, 440), (522, 454), (562, 462), (541, 484), (610, 496), (516, 542), (604, 562)
Frame 471: (0, 0), (0, 0), (0, 0), (575, 339), (603, 342), (543, 366), (609, 370), (497, 378), (663, 381), (472, 377), (680, 376), (528, 452), (572, 455), (540, 483), (629, 490), (511, 551), (631, 563)
Frame 472: (0, 0), (0, 0), (0, 0), (578, 341), (603, 348), (547, 361), (608, 376), (490, 377), (639, 408), (458, 392), (652, 424), (535, 450), (572, 460), (570, 461), (626, 484), (563, 513), (635, 547)
Frame 473: (0, 0), (0, 0), (0, 0), (579, 330), (608, 338), (552, 356), (614, 376), (505, 373), (645, 411), (493, 363), (642, 410), (540, 447), (580, 461), (575, 454), (632, 485), (559, 494), (631, 538)
Frame 474: (0, 0), (0, 0), (0, 0), (0, 0), (611, 348), (555, 358), (618, 378), (511, 368), (652, 420), (494, 364), (661, 437), (541, 447), (579, 458), (589, 468), (634, 493), (580, 504), (628, 543)
Frame 475: (0, 0), (0, 0), (0, 0), (0, 0), (616, 358), (564, 364), (619, 385), (524, 369), (651, 424), (497, 366), (664, 445), (554, 442), (587, 453), (602, 473), (633, 482), (604, 516), (629, 521)
Frame 476: (0, 0), (0, 0), (0, 0), (0, 0), (617, 354), (566, 365), (619, 381), (525, 373), (651, 418), (498, 374), (667, 435), (557, 442), (586, 452), (611, 475), (630, 484), (628, 522), (627, 532)
Frame 477: (0, 0), (0, 0), (0, 0), (0, 0), (628, 354), (573, 362), (625, 371), (506, 369), (655, 385), (476, 382), (0, 0), (559, 444), (583, 448), (616, 468), (617, 472), (649, 519), (623, 524)
Frame 478: (0, 0), (0, 0), (0, 0), (0, 0), (636, 354), (581, 362), (630, 374), (518, 372), (669, 398), (484, 378), (673, 406), (561, 443), (584, 451), (636, 480), (640, 493), (643, 516), (643, 537)
Frame 479: (644, 367), (0, 0), (641, 361), (0, 0), (628, 353), (651, 371), (596, 364), (670, 395), (534, 373), (683, 419), (507, 376), (599, 434), (569, 433), (629, 462), (620, 467), (638, 517), (628, 531)
Frame 480: (641, 361), (0, 0), (638, 354), (0, 0), (0, 0), (657, 366), (598, 362), (680, 395), (538, 371), (689, 436), (512, 378), (608, 433), (574, 435), (641, 459), (623, 473), (644, 512), (629, 541)
Frame 481: (648, 366), (654, 361), (643, 359), (0, 0), (631, 350), (663, 368), (602, 358), (680, 405), (542, 369), (692, 454), (515, 379), (613, 429), (578, 428), (644, 468), (626, 478), (640, 520), (628, 544)
Frame 482: (650, 371), (0, 0), (646, 365), (0, 0), (633, 355), (657, 366), (600, 363), (678, 390), (540, 372), (688, 434), (511, 381), (609, 428), (576, 431), (634, 477), (625, 492), (632, 519), (624, 547)
Frame 483: (0, 0), (0, 0), (0, 0), (0, 0), (0, 0), (642, 367), (595, 368), (673, 386), (536, 376), (689, 423), (512, 382), (602, 428), (577, 432), (625, 473), (622, 489), (634, 516), (627, 543)
Frame 485: (649, 371), (0, 0), (646, 365), (0, 0), (633, 356), (642, 371), (594, 368), (669, 397), (528, 378), (693, 431), (509, 382), (603, 437), (578, 441), (640, 490), (636, 504), (639, 531), (631, 556)
Frame 486: (651, 371), (0, 0), (646, 365), (0, 0), (630, 355), (662, 365), (593, 361), (709, 389), (525, 375), (744, 425), (513, 381), (618, 431), (582, 435), (643, 485), (638, 504), (634, 527), (628, 560)
Frame 487: (646, 368), (0, 0), (642, 362), (0, 0), (628, 351), (656, 360), (588, 362), (701, 380), (522, 379), (736, 421), (507, 382), (624, 426), (586, 435), (654, 471), (632, 504), (660, 496), (637, 550)
Frame 488: (647, 371), (0, 0), (644, 365), (0, 0), (628, 356), (647, 368), (586, 367), (688, 383), (520, 379), (721, 423), (505, 384), (617, 436), (584, 441), (637, 502), (629, 514), (627, 553), (609, 571)
Frame 493: (0, 0), (0, 0), (0, 0), (0, 0), (604, 346), (554, 363), (615, 370), (511, 387), (650, 402), (491, 400), (667, 424), (569, 441), (603, 448), (610, 493), (632, 507), (608, 535), (621, 555)
Frame 495: (0, 0), (0, 0), (0, 0), (574, 344), (596, 344), (554, 370), (610, 371), (514, 391), (646, 392), (490, 400), (652, 401), (575, 455), (608, 457), (592, 512), (629, 514), (603, 557), (631, 557)
Frame 500: (0, 0), (0, 0), (0, 0), (0, 0), (594, 354), (550, 382), (605, 381), (521, 415), (642, 412), (514, 424), (653, 418), (572, 468), (605, 471), (593, 527), (635, 532), (0, 0), (0, 0)
Frame 502: (0, 0), (0, 0), (0, 0), (0, 0), (592, 389), (543, 418), (600, 420), (540, 439), (639, 438), (0, 0), (664, 421), (565, 519), (603, 523), (0, 0), (645, 551), (0, 0), (0, 0)
Frame 513: (564, 355), (571, 349), (561, 348), (587, 351), (0, 0), (596, 391), (569, 373), (593, 435), (531, 371), (569, 432), (493, 356), (620, 498), (603, 489), (604, 560), (595, 543), (0, 0), (0, 0)
Frame 514: (554, 333), (557, 327), (0, 0), (575, 332), (0, 0), (593, 382), (587, 356), (580, 431), (538, 351), (563, 433), (502, 351), (621, 494), (620, 483), (608, 568), (613, 557), (0, 0), (0, 0)
Frame 519: (0, 0), (0, 0), (0, 0), (619, 348), (0, 0), (608, 386), (641, 370), (574, 404), (603, 343), (558, 405), (582, 320), (612, 479), (635, 474), (622, 554), (653, 552), (629, 601), (649, 599)
Frame 527: (0, 0), (0, 0), (0, 0), (0, 0), (640, 333), (626, 359), (620, 369), (0, 0), (594, 412), (0, 0), (586, 428), (623, 449), (622, 454), (672, 482), (671, 486), (665, 544), (666, 552)
Frame 530: (0, 0), (0, 0), (0, 0), (0, 0), (642, 336), (612, 355), (625, 367), (0, 0), (614, 421), (0, 0), (622, 435), (580, 435), (597, 443), (624, 469), (669, 487), (585, 529), (679, 561)
Frame 531: (0, 0), (0, 0), (0, 0), (0, 0), (640, 332), (608, 352), (623, 368), (0, 0), (615, 425), (0, 0), (634, 483), (580, 428), (595, 438), (630, 469), (661, 487), (593, 521), (666, 550)
Frame 538: (0, 0), (0, 0), (0, 0), (614, 325), (643, 329), (598, 355), (640, 366), (573, 395), (648, 420), (562, 416), (665, 449), (603, 429), (632, 435), (638, 456), (674, 463), (0, 0), (0, 0)
Frame 540: (0, 0), (0, 0), (0, 0), (616, 330), (644, 331), (600, 360), (650, 364), (576, 400), (659, 411), (564, 420), (665, 432), (607, 432), (644, 434), (614, 456), (683, 456), (610, 499), (703, 498)
Frame 560: (0, 0), (0, 0), (0, 0), (623, 337), (655, 337), (606, 374), (671, 375), (580, 387), (693, 391), (0, 0), (0, 0), (619, 457), (666, 458), (605, 512), (688, 510), (597, 553), (700, 549)
Frame 561: (0, 0), (0, 0), (0, 0), (621, 335), (653, 336), (605, 371), (667, 373), (580, 384), (689, 393), (0, 0), (0, 0), (618, 450), (663, 451), (606, 504), (685, 502), (598, 552), (697, 546)
Frame 580: (0, 0), (0, 0), (0, 0), (626, 344), (0, 0), (609, 375), (666, 378), (593, 350), (670, 353), (617, 306), (659, 296), (615, 454), (658, 456), (605, 500), (680, 504), (601, 551), (684, 557)
Frame 581: (0, 0), (0, 0), (0, 0), (628, 347), (0, 0), (612, 378), (663, 377), (593, 357), (663, 346), (616, 324), (651, 296), (618, 458), (655, 459), (605, 500), (670, 504), (599, 554), (672, 559)
Frame 582: (0, 0), (0, 0), (0, 0), (628, 346), (0, 0), (612, 376), (663, 377), (595, 353), (664, 350), (623, 316), (650, 301), (617, 455), (654, 456), (607, 501), (669, 503), (604, 553), (670, 555)
Frame 587: (0, 0), (0, 0), (0, 0), (628, 344), (658, 346), (613, 374), (671, 381), (601, 344), (681, 362), (625, 301), (661, 303), (619, 458), (661, 461), (607, 508), (682, 509), (606, 558), (685, 556)
Frame 596: (0, 0), (0, 0), (0, 0), (627, 338), (658, 337), (610, 374), (666, 371), (611, 348), (667, 340), (0, 0), (657, 286), (617, 459), (658, 458), (603, 510), (671, 510), (601, 556), (669, 557)
